 575243  05.54
 1540574875 00 2 005238.40
 1540574876  004233.83
 1540574877  003442.56
 1540574878  002789.59
 1540574880  002236.94
 1540574881  001835.17
 1540574882  001489.30
 1540574883  001209.02
 1540574885  000981.18
 1540574886  000794.41
 1540574887  000644.10
 1540574889  000523.53
 1540574890  000425.35
 1540574891  000344.26
 1540574892  000279.70
 1540574894  000227.05
 1540574895  000184.13
 1540574896  000149.20
 1540574897  000121.44
 1540574899  000099.56
 1540574900  000080.59
 1540574901  000066.09
 1540574903  000053.21
 1540574904  000043.36
 1540574905  000035.58
 1540574906  000029.16
 1540574908  000024.26
 1540574909  000019.86
 1540574910  000015.42
 1540574911  000014.12
 1540574913  000011.16
 1540574914  000009.56
 1540574915  000008.47
 1540574917  000007.87
 1540574918  000007.48
 1540574919  000006.68
 1540574920  000006.51
 1540574922  000005.96
 1540574923  000006.16
 1540574924  000006.06
 1540574925  000005.76
 1540574927  000005.76
 1540574928  000005.50
 1540574929  000005.71
 1540574931  000005.63
 1540574932  000005.57
 1540574933  000005.67
 1540574934  000005.66
 1540574936  000005.76
 1540574937  000005.72
 1540574938  000005.58
 1540574940  000005.66
 1540574941  000005.63
 1540574942  000005.66
 1540574943  000005.68
 1540574945  000005.63
 1540574946  000005.63
 1540574947  000005.59
 1540574948  000005.67
 1540574950  000005.59
 1540574951  000005.64
 1540574952  000005.58
 1540574954  000005.62
 1540574955  000005.60
 1540574956  000005.60
 1540574957  000005.60
 1540574959  000005.68
 1540574960  000005.59
 1540574961  000005.65
 1540574962  000005.59
 1540574964  000005.66
 1540574965  000005.64
 1540574966  000005.65
 1540574968  000005.61
 1540574969  000005.55
 1540574970  000005.60
 1540574971  000005.59
 1540574973  000005.64
 1540574974  000005.63
 1540574975  000005.59
 1540574976  000005.62
 1540574978  000005.56
 1540574979  000005.65
 1540574980  000005.64
 1540574982  000005.62
 1540574983  000005.60
 1540574984  000005.65
 1540574985  000005.59
 1540574987  000005.66
 1540574988  000005.66
 1540574989  000005.60
 1540574991  000005.56
 1540574992  000005.65
 1540574993  000005.67
 1540574994  000005.59
 1540574996  000005.60
 1540574997  000005.49
 1540574998  000005.56
 1540574999  000005.67
 1540575001  000005.65
 1540575002  000005.57
 1540575003  000005.69
 1540575005  000005.62
 1540575006  000005.60
 1540575007  000005.60
 1540575008  000005.56
 1540575010  000005.64
 1540575011  000005.52
 1540575012  000005.62
 1540575013  000005.64
 1540575015  000005.62
 1540575016  000005.67
 1540575017  000005.61
 1540575019  000005.66
 1540575020  000005.65
 1540575021  000005.61
 1540575022  000005.67
 1540575024  000005.62
 1540575025  000005.62
 1540575026  000005.61
 1540575027  000005.54
 1540575029  000005.59
 1540575030  000005.57
 1540575031  000005.56
 1540575033  000005.61
 1540575034  000005.62
 1540575035  000005.62
 1540575036  000005.66
 1540575038  000005.61
 1540575039  000005.61
 1540575040  000005.60
 1540575041  000005.62
 1540575043  000005.66
 1540575044  000005.69
 1540575045  000005.60
 1540575047  000005.66
 1540575048  000005.63
 1540575049  000005.65
 1540575050  000005.60
 1540575052  000005.64
 1540575053  000005.58
 1540575054  000005.62
 1540575056  000005.62
 1540575057  000005.67
 1540575058  000005.61
 1540575059  000005.58
 1540575061  000005.60
 1540575062  000005.65
 1540575063  000005.64
 1540575064  000005.62
 1540575066  000005.62
 1540575067  000005.62
 1540575068  000005.66
 1540575070  000005.63
 1540575071  000005.66
 1540575072  000005.62
 1540575073  000005.66
 1540575075  000005.67
 1540575076  000005.60
 1540575077  000005.68
 1540575078  000005.64
 1540575080  000005.66
 1540575081  000005.62
 1540575082  000005.66
 1540575084  000005.57
 1540575085  000005.63
 1540575086  000005.67
 1540575087  000005.65
 1540575089  000005.61
 1540575090  000005.65
 1540575091  000005.68
 1540575092  000005.66
 1540575094  000005.66
 1540575095  000005.64
 1540575096  000005.65
 1540575098  000005.65
 1540575099  000005.64
 1540575100  000005.63
 1540575101  000005.63
 1540575103  000005.60
 1540575104  000005.58
 1540575105  000005.56
 1540575106  000005.63
 1540575108  000005.65
 1540575109  000005.69
 1540575110  000005.66
 1540575112  000005.61
 1540575113  000005.66
 1540575114  000005.61
 1540575115  000005.57
 1540575117  000005.71
 1540575118  000005.65
 1540575119  000005.62
 1540575121  000005.61
 1540575122  000005.60
 1540575123  000005.58
 1540575124  000005.62
 1540575126  000005.66
 1540575127  000005.56
 1540575128  000005.64
 1540575129  000005.65
 1540575131  000005.67
 1540575132  000005.64
 1540575133  000005.66
 1540575135  000005.64
 1540575136  000005.66
 1540575137  000005.64
 1540575138  000005.65
 1540575140  000005.64
 1540575141  000005.60
 1540575142  000005.59
 1540575143  000005.53
 1540575145  000005.63
 1540575146  000005.63
 1540575147  000005.61
 1540575149  000005.67
 1540575150  000005.66
 1540575151  000005.68
 1540575152  000005.63
 1540575154  000005.68
 1540575155  000005.57
 1540575156  000005.65
 1540575157  000005.62
 1540575159  000005.63
 1540575160  000005.64
 1540575161  000005.69
 1540575163  000005.62
 1540575164  000005.69
 1540575165  000005.64
 1540575166  000005.62
 1540575168  000005.60
 1540575169  000005.66
 1540575170  000005.62
 1540575172  000005.59
 1540575173  000005.63
 1540575174  000005.58
 1540575175  000005.52
 1540575177  000005.57
 1540575178  000005.60
 1540575179  000005.64
 1540575180  000005.67
 1540575182  000005.64
 1540575183  000005.61
 1540575184  000005.69
 1540575186  000005.62
 1540575187  000005.67
 1540575188  000005.64
 1540575189  000005.63
 1540575191  000005.62
 1540575192  000005.61
 1540575193  000005.61
 1540575194  000005.61
 1540575196  000005.61
 1540575197  000005.64
 1540575198  000005.66
 1540575200  000005.66
 1540575201  000005.56
 1540575202  000005.59
 1540575203  000005.66
 1540575205  000005.67
 1540575206  000005.58
 1540575207  000005.66
 1540575208  000005.64
 1540575210  000005.64
 1540575211  000005.61
 1540575212  000005.68
 1540575214  000005.60
 1540575215  000005.61
 1540575216  000005.65
 1540575217  000005.65
 1540575219  000005.67
 1540575220  000005.66
 1540575221  000005.63
 1540575222  000005.64
 1540575224  000005.69
 1540575225  000005.62
 1540575226  000005.66
 1540575228  000005.65
 1540575229  000005.64
 1540575230  000005.58
 1540575231  000005.63
 1540575233  000005.54
 1540575234  000005.48
 1540575235  000005.39
 1540575237  000005.65
 1540575238  000005.72
 1540575239  000005.64
 1540575240  000005.72
 1540575242  000005.66
 1540575243  000005.66
 1540575244  000005.63
 1540575245  000005.66
 1540575247  000005.65
 1540575248  000005.64
 1540575249  000005.60
 1540575251  000005.63
 1540575252  000005.59
 1540575253  000005.47
 1540575254  000005.60
 1540575256  000005.65
 1540575257  000005.68
 1540575258  000005.65
 1540575259  000005.71
 1540575261  000005.66
 1540575262  000005.66
 1540575263  000005.63
 1540575265  000005.68
 1540575266  000005.67
 1540575267  000005.64
 1540575268  000005.58
 1540575270  000005.53
 1540575271  000005.63
 1540575272  000005.58
 1540575273  000005.54
 1540575275  000005.59
 1540575276  000005.65
 1540575277  000005.67
 1540575279  000005.70
 1540575280  000005.66
 1540575281  000005.62
 1540575282  000005.68
 1540575284  000005.66
 1540575285  000005.67
 1540575286  000005.63
 1540575287  000005.65
 1540575289  000005.61
 1540575290  000005.55
 1540575291  000005.59
 1540575293  000005.48
 1540575294  000005.62
 1540575295  000005.66
 1540575296  000005.64
 1540575298  000005.67
 1540575299  000005.60
 1540575300  000005.61
 1540575302  000005.60
 1540575303  000005.54
 1540575304  000005.73
 1540575305  000005.60
 1540575307  000005.59
 1540575308  000005.57
 1540575309  000005.57
 1540575310  000005.63
 1540575312  000005.56
 1540575313  000005.46
 1540575314  000005.58
 1540575316  000005.74
 1540575317  000005.64
 1540575318  000005.62
 1540575319  000005.62
 1540575321  000005.65
 1540575322  000005.64
 1540575323  000005.67
 1540575324  000005.63
 1540575326  000005.61
 1540575327  000005.63
 1540575328  000005.63
 1540575330  000005.61
 1540575331  000005.65
 1540575332  000005.48
 1540575333  000005.54
 1540575335  000005.40
 1540575336  000005.60
 1540575337  000005.72
 1540575338  000005.62
 1540575340  000005.65
 1540575341  000005.70
 1540575342  000005.65
 1540575344  000005.65
 1540575345  000005.66
 1540575346  000005.67
 1540575347  000005.62
 1540575349  000005.63
 1540575350  000005.49
 1540575351  000005.67
 1540575352  000005.64
 1540575354  000005.60
 1540575355  000005.56
 1540575356  000005.70
 1540575358  000005.63
 1540575359  000005.59
 1540575360  000005.62
 1540575361  000005.66
 1540575363  000005.67
 1540575364  000005.66
 1540575365  000005.61
 1540575367  000005.61
 1540575368  000005.58
 1540575369  000005.65
 1540575370  000005.61
 1540575372  000005.61
 1540575373  000005.54
 1540575374  000005.59
 1540575375  000005.59
 1540575377  000005.71
 1540575378  000005.63
 1540575379  000005.60
 1540575381  000005.63
 1540575382  000005.62
 1540575383  000005.64
 1540575384  000005.63
 1540575386  000005.65
 1540575387  000005.57
 1540575388  000005.62
 1540575389  000005.59
 1540575391  000005.53
 1540575392  000005.65
 1540575393  000005.63
 1540575395  000005.67
 1540575396  000005.64
 1540575397  000005.61
 1540575398  000005.62
 1540575400  000005.61
 1540575401  000005.63
 1540575402  000005.63
 1540575403  000005.61
 1540575405  000005.64
 1540575406  000005.63
 1540575407  000005.66
 1540575409  000005.57
 1540575410  000005.64
 1540575411  000005.63
 1540575412  000005.61
 1540575414  000005.64
 1540575415  000005.61
 1540575416  000005.63
 1540575418  000005.66
 1540575419  000005.66
 1540575420  000005.65
 1540575421  000005.66
 1540575423  000005.61
 1540575424  000005.67
 1540575425  000005.64
 1540575426  000005.64
 1540575428  000005.55
 1540575429  000005.56
 1540575430  000005.53
 1540575432  000005.47
 1540575433  000005.46
 1540575434  000005.59
 1540575435  000005.49
 1540575437  000005.65
 1540575438  000005.71
 1540575439  000005.71
 1540575440  000005.58
 1540575442  000005.59
 1540575443  000005.66
 1540575444  000005.68
 1540575446  000005.66
 1540575447  000005.61
 1540575448  000005.59
 1540575449  000005.62
 1540575451  000005.57
 1540575452  000005.57
 1540575453  000005.48
 1540575454  000005.67
 1540575456  000005.71
 1540575457  000005.69
 1540575458  000005.62
 1540575460  000005.63
 1540575461  000005.64
 1540575462  000005.64
 1540575463  000005.59
 1540575465  000005.61
 1540575466  000005.58
 1540575467  000005.57
 1540575468  000005.59
 1540575470  000005.65
 1540575471  000005.58
 1540575472  000005.63
 1540575474  000005.55
 1540575475  000005.70
 1540575476  000005.62
 1540575477  000005.63
 1540575479  000005.60
 1540575480  000005.66
 1540575481  000005.65
 1540575483  000005.64
 1540575484  000005.63
 1540575485  000005.62
 1540575486  000005.63
 1540575488  000005.63
 1540575489  000005.63
 1540575490  000005.58
 1540575491  000005.53
 1540575493  000005.63
 1540575494  000005.64
 1540575495  000005.66
 1540575497  000005.64
 1540575498  000005.64
 1540575499  000005.65
 1540575500  000005.67
 1540575502  000005.66
 1540575503  000005.68
 1540575504  000005.61
 1540575505  000005.62
 1540575507  000005.61
 1540575508  000005.63
 1540575509  000005.58
 1540575511  000005.61
 1540575512  000005.58
 1540575513  000005.56
 1540575514  000005.54
 1540575516  000005.70
 1540575517  000005.62
 1540575518  000005.56
 1540575519  000005.57
 1540575521  000005.66
 1540575522  000005.71
 1540575523  000005.62
 1540575525  000005.63
 1540575526  000005.63
 1540575527  000005.58
 1540575528  000005.56
 1540575530  000005.62
 1540575531  000005.57
 1540575532  000005.68
 1540575533  000005.65
 1540575535  000005.59
 1540575536  000005.70
 1540575537  000005.64
 1540575539  000005.62
 1540575540  000005.67
 1540575541  000005.66
 1540575542  000005.65
 1540575544  000005.63
 1540575545  000005.60
 1540575546  000005.61
 1540575548  000005.60
 1540575549  000005.60
 1540575550  000005.56
 1540575551  000005.62
 1540575553  000005.67
 1540575554  000005.62
 1540575555  000005.62
 1540575556  000005.67
 1540575558  000005.59
 1540575559  000005.65
 1540575560  000005.67
 1540575562  000005.66
 1540575563  000005.66
 1540575564  000005.58
 1540575565  000005.65
 1540575567  000005.58
 1540575568  000005.63
 1540575569  000005.54
 1540575570  000005.59
 1540575572  000005.70
 1540575573  000005.58
 1540575574  000005.63
 1540575576  000005.60
 1540575577  000005.64
 1540575578  000005.65
 1540575579  000005.65
 1540575581  000005.58
 1540575582  000005.69
 1540575583  000005.63
 1540575584  000005.63
 1540575586  000005.55
 1540575587  000005.58
 1540575588  000005.48
 1540575590  000005.47
 1540575591  000005.52
 1540575592  000005.55
 1540575593  000005.66
 1540575595  000005.71
 1540575596  000005.58
 1540575597  000005.72
 1540575598  000005.68
 1540575600  000005.65
 1540575601  000005.54
 1540575602  000005.63
 1540575604  000005.55
 1540575605  000005.59
 1540575606  000005.59
 1540575607  000005.56
 1540575609  000005.49
 1540575610  000005.55
 1540575611  000005.75
 1540575612  000005.63
 1540575614  000005.66
 1540575615  000005.65
 1540575616  000005.72
 1540575618  000005.66
 1540575619  000005.65
 1540575620  000005.67
 1540575621  000005.66
 1540575623  000005.62
 1540575624  000005.62
 1540575625  000005.61
 1540575627  000005.63
 1540575628  000005.54
 1540575629  000005.51
 1540575630  000005.62
 1540575632  000005.71
 1540575633  000005.65
 1540575634  000005.62
 1540575635  000005.52
 1540575637  000005.66
 1540575638  000005.61
 1540575639  000005.67
 1540575641  000005.60
 1540575642  000005.64
 1540575643  000005.67
 1540575644  000005.62
 1540575646  000005.57
 1540575647  000005.56
 1540575648  000005.48
 1540575649  000005.50
 1540575651  000005.71
 1540575652  000005.67
 1540575653  000005.63
 1540575655  000005.69
 1540575656  000005.67
 1540575657  000005.66
 1540575658  000005.67
 1540575660  000005.66
 1540575661  000005.64
 1540575662  000005.55
 1540575663  000005.59
 1540575665  000005.54
 1540575666  000005.65
 1540575667  000005.61
 1540575669  000005.52
 1540575670  000005.61
 1540575671  000005.68
 1540575672  000005.59
 1540575674  000005.69
 1540575675  000005.64
 1540575676  000005.65
 1540575677  000005.64
 1540575679  000005.52
 1540575680  000005.64
 1540575681  000005.64
 1540575683  000005.58
 1540575684  000005.62
 1540575685  000005.58
 1540575686  000005.54
 1540575688  000005.49
 1540575689  000005.49
 1540575690  000005.63
 1540575692  000005.67
 1540575693  000005.50
 1540575694  000005.62
 1540575695  000005.72
 1540575697  000005.52
 1540575698  000005.66
 1540575699  000005.64
 1540575700  000005.64
 1540575702  000005.60
 1540575703  000005.51
 1540575704  000005.55
 1540575706  000005.45
 1540575707  000005.62
 1540575708  000005.49
 1540575709  000005.63
 1540575711  000005.66
 1540575712  000005.61
 1540575713  000005.74
 1540575714  000005.71
 1540575716  000005.53
 1540575717  000005.70
 1540575718  000005.63
 1540575720  000005.58
 1540575721  000005.58
 1540575722  000005.58
 1540575723  000005.50
 1540575725  000005.61
 1540575726  000005.54
 1540575727  000005.54
 1540575728  000005.51
 1540575730  000005.66
 1540575731  000005.58
 1540575732  000005.66
 1540575734  000005.67
 1540575735  000005.67
 1540575736  000005.67
 1540575737  000005.66
 1540575739  000005.64
 1540575740  000005.56
 1540575741  000005.53
 1540575743  000005.51
 1540575744  000005.42
 1540575745  000005.45
 1540575746  000005.45
 1540575748  000005.77
 1540575749  000005.64
 1540575750  000005.76
 1540575751  000005.64
 1540575753  000005.65
 1540575754  000005.65
 1540575755  000005.60
 1540575757  000005.62
 1540575758  000005.61
 1540575759  000005.60
 1540575760  000005.59
 1540575762  000005.65
 1540575763  000005.53
 1540575764  000005.49
 1540575765  000005.57
 1540575767  000005.55
 1540575768  000005.70
 1540575769  000005.66
 1540575771  000005.59
 1540575772  000005.52
 1540575773  000005.67
 1540575774  000005.65
 1540575776  000005.65
 1540575777  000005.57
 1540575778  000005.65
 1540575779  000005.60
 1540575781  000005.63
 1540575782  000005.58
 1540575783  000005.52
 1540575785  000005.56
 1540575786  000005.68
 1540575787  000005.63
 1540575788  000005.61
 1540575790  000005.55
 1540575791  000005.66
 1540575792  000005.64
 1540575794  000005.65
 1540575795  000005.60
 1540575796  000005.66
 1540575797  000005.62
 1540575799  000005.62
 1540575800  000005.59
 1540575801  000005.61
 1540575802  000005.53
 1540575804  000005.57
 1540575805  000005.50
 1540575806  000005.68
 1540575808  000005.47
 1540575809  000005.57
 1540575810  000005.57
 1540575811  000005.64
 1540575813  000005.62
 1540575814  000005.63
 1540575815  000005.62
 1540575816  000005.58
 1540575818  000005.66
 1540575819  000005.57
 1540575820  000005.61
 1540575822  000005.67
 1540575823  000005.59
 1540575824  000005.53
 1540575825  000005.66
 1540575827  000005.72
 1540575828  000005.51
 1540575829  000005.73
 1540575830  000005.62
 1540575832  000005.66
 1540575833  000005.68
 1540575834  000005.66
 1540575836  000005.67
 1540575837  000005.67
 1540575838  000005.60
 1540575839  000005.59
 1540575841  000005.55
 1540575842  000005.55
 1540575843  000005.65
 1540575844  000005.70
 1540575846  000005.50
 1540575847  000005.71
 1540575848  000005.63
 1540575850  000005.64
 1540575851  000005.62
 1540575852  000005.63
 1540575853  000005.62
 1540575855  000005.67
 1540575856  000005.50
 1540575857  000005.61
 1540575859  000005.68
 1540575860  000005.61
 1540575861  000005.61
 1540575862  000005.53
 1540575864  000005.52
 1540575865  000005.61
 1540575866  000005.65
 1540575867  000005.75
 1540575869  000005.57
 1540575870  000005.62
 1540575871  000005.70
 1540575873  000005.70
 1540575874  000005.59
 1540575875  000005.55
 1540575876  000005.60
 1540575878  000005.65
 1540575879  000005.54
 1540575880  000005.57
 1540575881  000005.56
 1540575883  000005.49
 1540575884  000005.63
 1540575885  000005.59
 1540575887  000005.65
 1540575888  000005.66
 1540575889  000005.71
 1540575890  000005.71
 1540575892  000005.53
 1540575893  000005.69
 1540575894  000005.54
 1540575895  000005.73
 1540575897  000005.57
 1540575898  000005.64
 1540575899  000005.55
 1540575901  000005.55
 1540575902  000005.42
 1540575903  000005.60
 1540575904  000005.42
 1540575906  000005.61
 1540575907  000005.64
 1540575908  000005.58
 1540575910  000005.64
 1540575911  000005.79
 1540575912  000005.56
 1540575913  000005.47
 1540575915  000005.57
 1540575916  000005.79
 1540575917  000005.59
 1540575918  000005.59
 1540575920  000005.54
 1540575921  000005.52
 1540575922  000005.51
 1540575924  000005.55
 1540575925  000005.68
 1540575926  000005.63
 1540575927  000005.60
 1540575929  000005.50
 1540575930  000005.61
 1540575931  000005.80
 1540575932  000005.65
 1540575934  000005.66
 1540575935  000005.52
 1540575936  000005.64
 1540575938  000005.57
 1540575939  000005.64
 1540575940  000005.41
 1540575941  000005.66
 1540575943  000005.39
 1540575944  000005.63
 1540575945  000005.49
 1540575946  000005.61
 1540575948  000005.67
 1540575949  000005.69
 1540575950  000005.58
 1540575952  000005.79
 1540575953  000005.54
 1540575954  000005.74
 1540575955  000005.66
 1540575957  000005.60
 1540575958  000005.64
 1540575959  000005.64
 1540575961  000005.58
 1540575962  000005.65
 1540575963  000005.58
 1540575964  000005.66
 1540575966  000005.61
 1540575967  000005.67
 1540575968  000005.64
 1540575969  000005.65
 1540575971  000005.63
 1540575972  000005.61
 1540575973  000005.64
 1540575975  000005.66
 1540575976  000005.59
 1540575977  000005.59
 1540575978  000005.60
 1540575980  000005.57
 1540575981  000005.54
 1540575982  000005.59
 1540575983  000005.64
 1540575985  000005.70
 1540575986  000005.56
 1540575987  000005.64
 1540575989  000005.61
 1540575990  000005.53
 1540575991  000005.62
 1540575992  000005.63
 1540575994  000005.50
 1540575995  000005.47
 1540575996  000005.42
 1540575997  000005.36
 1540575999  000005.37
 1540576000  000005.57
 1540576001  000005.68
 1540576003  000005.71
 1540576004  000005.55
 1540576005  000005.54
 1540576006  000005.35
 1540576008  000005.77
 1540576009  000005.59
 1540576010  000005.66
 1540576011  000005.58
 1540576013  000005.63
 1540576014  000005.55
 1540576015  000005.43
 1540576017  000005.35
 1540576018  000005.53
 1540576019  000005.60
 1540576020  000005.77
 1540576022  000005.68
 1540576023  000005.66
 1540576024  000005.64
 1540576026  000005.64
 1540576027  000005.56
 1540576028  000005.55
 1540576029  000005.62
 1540576031  000005.73
 1540576032  000005.55
 1540576033  000005.61
 1540576034  000005.62
 1540576036  000005.61
 1540576037  000005.44
 1540576038  000005.60
 1540576040  000005.63
 1540576041  000005.75
 1540576042  000005.53
 1540576043  000005.65
 1540576045  000005.52
 1540576046  000005.59
 1540576047  000005.67
 1540576048  000005.75
 1540576050  000005.68
 1540576051  000005.60
 1540576052  000005.57
 1540576054  000005.62
 1540576055  000005.47
 1540576056  000005.48
 1540576057  000005.49
 1540576059  000005.73
 1540576060  000005.54
 1540576061  000005.65
 1540576062  000005.71
 1540576064  000005.69
 1540576065  000005.53
 1540576066  000005.76
 1540576068  000005.69
 1540576069  000005.66
 1540576070  000005.59
 1540576071  000005.66
 1540576073  000005.66
 1540576074  000005.63
 1540576075  000005.59
 1540576076  000005.60
 1540576078  000005.68
 1540576079  000005.62
 1540576080  000005.64
 1540576082  000005.65
 1540576083  000005.64
 1540576084  000005.67
 1540576085  000005.66
 1540576087  000005.65
 1540576088  000005.63
 1540576089  000005.67
 1540576091  000005.60
 1540576092  000005.61
 1540576093  000005.56
 1540576094  000005.63
 1540576096  000005.56
 1540576097  000005.63
 1540576098  000005.63
 1540576099  000005.63
 1540576101  000005.64
 1540576102  000005.68
 1540576103  000005.52
 1540576105  000005.67
 1540576106  000005.66
 1540576107  000005.60
 1540576108  000005.67
 1540576110  000005.63
 1540576111  000005.61
 1540576112  000005.64
 1540576113  000005.58
 1540576115  000005.56
 1540576116  000005.56
 1540576117  000005.64
 1540576119  000005.67
 1540576120  000005.61
 1540576121  000005.67
 1540576122  000005.63
 1540576124  000005.52
 1540576125  000005.68
 1540576126  000005.58
 1540576127  000005.66
 1540576129  000005.63
 1540576130  000005.61
 1540576131  000005.61
 1540576133  000005.58
 1540576134  000005.59
 1540576135  000005.52
 1540576136  000005.52
 1540576138  000005.65
 1540576139  000005.59
 1540576140  000005.65
 1540576142  000005.67
 1540576143  000005.60
 1540576144  000005.58
 1540576145  000005.62
 1540576147  000005.64
 1540576148  000005.62
 1540576149  000005.41
 1540576150  000005.72
 1540576152  000005.52
 1540576153  000005.58
 1540576154  000005.40
 1540576156  000005.67
 1540576157  000005.57
 1540576158  000005.66
 1540576159  000005.63
 1540576161  000005.70
 1540576162  000005.64
 1540576163  000005.58
 1540576164  000005.60
 1540576166  000005.73
 1540576167  000005.60
 1540576168  000005.59
 1540576170  000005.56
 1540576171  000005.59
 1540576172  000005.60
 1540576173  000005.55
 1540576175  000005.48
 1540576176  000005.61
 1540576177  000005.62
 1540576178  000005.61
 1540576180  000005.73
 1540576181  000005.56
 1540576182  000005.69
 1540576184  000005.66
 1540576185  000005.64
 1540576186  000005.66
 1540576187  000005.64
 1540576189  000005.63
 1540576190  000005.53
 1540576191  000005.53
 1540576193  000005.59
 1540576194  000005.61
 1540576195  000005.52
 1540576196  000005.64
 1540576198  000005.66
 1540576199  000005.58
 1540576200  000005.64
 1540576201  000005.64
 1540576203  000005.63
 1540576204  000005.63
 1540576205  000005.66
 1540576207  000005.66
 1540576208  000005.57
 1540576209  000005.66
 1540576210  000005.56
 1540576212  000005.54
 1540576213  000005.53
 1540576214  000005.63
 1540576215  000005.60
 1540576217  000005.62
 1540576218  000005.60
 1540576219  000005.61
 1540576221  000005.56
 1540576222  000005.65
 1540576223  000005.65
 1540576224  000005.66
 1540576226  000005.60
 1540576227  000005.57
 1540576228  000005.59
 1540576229  000005.61
 1540576231  000005.59
 1540576232  000005.55
 1540576233  000005.43
 1540576235  000005.51
 1540576236  000005.57
 1540576237  000005.60
 1540576238  000005.68
 1540576240  000005.61
 1540576241  000005.70
 1540576242  000005.64
 1540576244  000005.61
 1540576245  000005.62
 1540576246  000005.65
 1540576247  000005.66
 1540576249  000005.56
 1540576250  000005.58
 1540576251  000005.59
 1540576252  000005.56
 1540576254  000005.50
 1540576255  000005.47
 1540576256  000005.69
 1540576258  000005.64
 1540576259  000005.61
 1540576260  000005.63
 1540576261  000005.56
 1540576263  000005.66
 1540576264  000005.64
 1540576265  000005.51
 1540576266  000005.60
 1540576268  000005.57
 1540576269  000005.60
 1540576270  000005.59
 1540576272  000005.49
 1540576273  000005.56
 1540576274  000005.51
 1540576275  000005.69
 1540576277  000005.60
 1540576278  000005.65
 1540576279  000005.62
 1540576280  000005.73
 1540576282  000005.65
 1540576283  000005.65
 1540576284  000005.66
 1540576286  000005.64
 1540576287  000005.64
 1540576288  000005.64
 1540576289  000005.61
 1540576291  000005.66
 1540576292  000005.56
 1540576293  000005.61
 1540576295  000005.62
 1540576296  000005.67
 1540576297  000005.66
 1540576298  000005.61
 1540576300  000005.62
 1540576301  000005.62
 1540576302  000005.66
 1540576303  000005.57
 1540576305  000005.63
 1540576306  000005.60
 1540576307  000005.62
 1540576309  000005.59
 1540576310  000005.59
 1540576311  000005.59
 1540576312  000005.57
 1540576314  000005.59
 1540576315  000005.62
 1540576316  000005.65
 1540576317  000005.63
 1540576319  000005.64
 1540576320  000005.66
 1540576321  000005.65
 1540576323  000005.66
 1540576324  000005.64
 1540576325  000005.59
 1540576326  000005.64
 1540576328  000005.63
 1540576329  000005.62
 1540576330  000005.59
 1540576331  000005.54
 1540576333  000005.57
 1540576334  000005.71
 1540576335  000005.63
 1540576337  000005.63
 1540576338  000005.63
 1540576339  000005.60
 1540576340  000005.63
 1540576342  000005.65
 1540576343  000005.67
 1540576344  000005.57
 1540576345  000005.60
 1540576347  000005.61
 1540576348  000005.57
 1540576349  000005.60
 1540576351  000005.56
 1540576352  000005.60
 1540576353  000005.59
 1540576354  000005.65
 1540576356  000005.57
 1540576357  000005.68
 1540576358  000005.69
 1540576360  000005.64
 1540576361  000005.63
 1540576362  000005.62
 1540576363  000005.58
 1540576365  000005.63
 1540576366  000005.62
 1540576367  000005.59
 1540576368  000005.64
 1540576370  000005.59
 1540576371  000005.61
 1540576372  000005.62
 1540576374  000005.59
 1540576375  000005.70
 1540576376  000005.65
 1540576377  000005.61
 1540576379  000005.59
 1540576380  000005.61
 1540576381  000005.63
 1540576382  000005.68
 1540576384  000005.64
 1540576385  000005.62
 1540576386  000005.62
 1540576388  000005.58
 1540576389  000005.59
 1540576390  000005.48
 1540576391  000005.46
 1540576393  000005.62
 1540576394  000005.53
 1540576395  000005.67
 1540576396  000005.68
 1540576398  000005.62
 1540576399  000005.56
 1540576400  000005.73
 1540576402  000005.63
 1540576403  000005.70
 1540576404  000005.52
 1540576405  000005.66
 1540576407  000005.64
 1540576408  000005.56
 1540576409  000005.49
 1540576410  000005.59
 1540576412  000005.65
 1540576413  000005.65
 1540576414  000005.60
 1540576416  000005.70
 1540576417  000005.59
 1540576418  000005.61
 1540576419  000005.73
 1540576421  000005.64
 1540576422  000005.62
 1540576423  000005.65
 1540576425  000005.64
 1540576426  000005.59
 1540576427  000005.65
 1540576428  000005.61
 1540576430  000005.55
 1540576431  000005.46
 1540576432  000005.77
 1540576433  000005.62
 1540576435  000005.68
 1540576436  000005.64
 1540576437  000005.64
 1540576439  000005.62
 1540576440  000005.60
 1540576441  000005.68
 1540576442  000005.62
 1540576444  000005.58
 1540576445  000005.65
 1540576446  000005.62
 1540576447  000005.55
 1540576449  000005.57
 1540576450  000005.49
 1540576451  000005.51
 1540576453  000005.42
 1540576454  000005.56
 1540576455  000005.79
 1540576456  000005.64
 1540576458  000005.56
 1540576459  000005.46
 1540576460  000005.78
 1540576461  000005.54
 1540576463  000005.55
 1540576464  000005.48
 1540576465  000005.49
 1540576467  000005.48
 1540576468  000005.43
 1540576469  000005.23
 1540576470  000005.51
 1540576472  000005.62
 1540576473  000005.56
 1540576474  000005.65
 1540576475  000005.67
 1540576477  000005.68
 1540576478  000005.59
 1540576479  000005.60
 1540576481  000005.58
 1540576482  000005.64
 1540576483  000005.59
 1540576484  000005.52
 1540576486  000005.54
 1540576487  000005.37
 1540576488  000005.39
 1540576490  000005.34
 1540576491  000005.48
 1540576492  000005.68
 1540576493  000005.66
 1540576495  000005.57
 1540576496  000005.78
 1540576497  000005.64
 1540576498  000005.61
 1540576500  000005.69
 1540576501  000005.74
 1540576502  000005.66
 1540576504  000005.60
 1540576505  000005.57
 1540576506  000005.62
 1540576507  000005.54
 1540576509  000005.60
 1540576510  000005.49
 1540576511  000005.65
 1540576512  000005.61
 1540576514  000005.57
 1540576515  000005.65
 1540576516  000005.68
 1540576518  000005.65
 1540576519  000005.66
 1540576520  000005.66
 1540576521  000005.63
 1540576523  000005.63
 1540576524  000005.55
 1540576525  000005.51
 1540576526  000005.55
 1540576528  000005.58
 1540576529  000005.62
 1540576530  000005.58
 1540576532  000005.54
 1540576533  000005.63
 1540576534  000005.73
 1540576535  000005.64
 1540576537  000005.69
 1540576538  000005.67
 1540576539  000005.66
 1540576540  000005.61
 1540576542  000005.63
 1540576543  000005.63
 1540576544  000005.61
 1540576546  000005.60
 1540576547  000005.54
 1540576548  000005.46
 1540576549  000005.61
 1540576551  000005.67
 1540576552  000005.62
 1540576553  000005.60
 1540576555  000005.59
 1540576556  000005.67
 1540576557  000005.54
 1540576558  000005.54
 1540576560  000005.65
 1540576561  000005.65
 1540576562  000005.56
 1540576563  000005.57
 1540576565  000005.61
 1540576566  000005.47
 1540576567  000005.63
 1540576569  000005.59
 1540576570  000005.30
 1540576571  000005.60
 1540576572  000005.66
 1540576574  000005.69
 1540576575  000005.71
 1540576576  000005.66
 1540576577  000005.65
 1540576579  000005.67
 1540576580  000005.64
 1540576581  000005.56
 1540576583  000005.58
 1540576584  000005.50
 1540576585  000005.57
 1540576586  000005.53
 1540576588  000005.44
 1540576589  000005.53
 1540576590  000005.59
 1540576591  000005.66
 1540576593  000005.54
 1540576594  000005.57
 1540576595  000005.65
 1540576597  000005.71
 1540576598  000005.60
 1540576599  000005.61
 1540576600  000005.67
 1540576602  000005.66
 1540576603  000005.58
 1540576604  000005.53
 1540576606  000005.55
 1540576607  000005.43
 1540576608  000005.58
 1540576609  000005.54
 1540576611  000005.57
 1540576612  000005.64
 1540576613  000005.77
 1540576614  000005.56
 1540576616  000005.53
 1540576617  000005.54
 1540576618  000005.63
 1540576620  000005.64
 1540576621  000005.69
 1540576622  000005.58
 1540576623  000005.61
 1540576625  000005.55
 1540576626  000005.46
 1540576627  000005.54
 1540576628  000005.59
 1540576630  000005.71
 1540576631  000005.63
 1540576632  000005.63
 1540576634  000005.64
 1540576635  000005.62
 1540576636  000005.53
 1540576637  000005.71
 1540576639  000005.58
 1540576640  000005.57
 1540576641  000005.60
 1540576642  000005.59
 1540576644  000005.56
 1540576645  000005.58
 1540576646  000005.41
 1540576648  000005.51
 1540576649  000005.45
 1540576650  000005.76
 1540576651  000005.66
 1540576653  000005.67
 1540576654  000005.71
 1540576655  000005.61
 1540576656  000005.71
 1540576658  000005.65
 1540576659  000005.65
 1540576660  000005.60
 1540576662  000005.65
 1540576663  000005.55
 1540576664  000005.53
 1540576665  000005.56
 1540576667  000005.39
 1540576668  000005.56
 1540576669  000005.71
 1540576671  000005.67
 1540576672  000005.56
 1540576673  000005.60
 1540576674  000005.64
 1540576676  000005.71
 1540576677  000005.52
 1540576678  000005.64
 1540576679  000005.64
 1540576681  000005.56
 1540576682  000005.57
 1540576683  000005.59
 1540576685  000005.52
 1540576686  000005.42
 1540576687  000005.59
 1540576688  000005.65
 1540576690  000005.61
 1540576691  000005.61
 1540576692  000005.67
 1540576693  000005.73
 1540576695  000005.59
 1540576696  000005.60
 1540576697  000005.63
 1540576699  000005.64
 1540576700  000005.49
 1540576701  000005.62
 1540576702  000005.47
 1540576704  000005.48
 1540576705  000005.51
 1540576706  000005.48
 1540576707  000005.60
 1540576709  000005.66
 1540576710  000005.56
 1540576711  000005.57
 1540576713  000005.67
 1540576714  000005.59
 1540576715  000005.68
 1540576716  000005.70
 1540576718  000005.67
 1540576719  000005.62
 1540576720  000005.53
 1540576722  000005.70
 1540576723  000005.61
 1540576724  000005.45
 1540576725  000005.28
 1540576727  000005.47
 1540576728  000005.71
 1540576729  000005.65
 1540576730  000005.68
 1540576732  000005.57
 1540576733  000005.62
 1540576734  000005.69
 1540576736  000005.46
 1540576737  000005.73
 1540576738  000005.64
 1540576739  000005.55
 1540576741  000005.55
 1540576742  000005.45
 1540576743  000005.58
 1540576744  000005.46
 1540576746  000005.41
 1540576747  000005.42
 1540576748  000005.52
 1540576750  000005.69
 1540576751  000005.68
 1540576752  000005.66
 1540576753  000005.64
 1540576755  000005.65
 1540576756  000005.68
 1540576757  000005.65
 1540576758  000005.61
 1540576760  000005.61
 1540576761  000005.55
 1540576762  000005.55
 1540576764  000005.57
 1540576765  000005.48
 1540576766  000005.55
 1540576767  000005.70
 1540576769  000005.63
 1540576770  000005.62
 1540576771  000005.61
 1540576772  000005.66
 1540576774  000005.54
 1540576775  000005.65
 1540576776  000005.66
 1540576778  000005.58
 1540576779  000005.52
 1540576780  000005.61
 1540576781  000005.51
 1540576783  000005.56
 1540576784  000005.33
 1540576785  000005.51
 1540576787  000005.70
 1540576788  000005.55
 1540576789  000005.62
 1540576790  000005.63
 1540576792  000005.51
 1540576793  000005.71
 1540576794  000005.71
 1540576795  000005.58
 1540576797  000005.66
 1540576798  000005.57
 1540576799  000005.59
 1540576801  000005.59
 1540576802  000005.49
 1540576803  000005.51
 1540576804  000005.44
 1540576806  000005.57
 1540576807  000005.68
 1540576808  000005.66
 1540576809  000005.73
 1540576811  000005.71
 1540576812  000005.63
 1540576813  000005.58
 1540576815  000005.71
 1540576816  000005.62
 1540576817  000005.58
 1540576818  000005.59
 1540576820  000005.58
 1540576821  000005.53
 1540576822  000005.61
 1540576823  000005.61
 1540576825  000005.64
 1540576826  000005.66
 1540576827  000005.64
 1540576829  000005.67
 1540576830  000005.62
 1540576831  000005.67
 1540576832  000005.65
 1540576834  000005.64
 1540576835  000005.57
 1540576836  000005.63
 1540576837  000005.61
 1540576839  000005.62
 1540576840  000005.48
 1540576841  000005.56
 1540576843  000005.43
 1540576844  000005.55
 1540576845  000005.65
 1540576846  000005.63
 1540576848  000005.70
 1540576849  000005.70
 1540576850  000005.64
 1540576851  000005.66
 1540576853  000005.62
 1540576854  000005.58
 1540576855  000005.61
 1540576857  000005.62
 1540576858  000005.61
 1540576859  000005.60
 1540576860  000005.55
 1540576862  000005.48
 1540576863  000005.50
 1540576864  000005.73
 1540576866  000005.68
 1540576867  000005.64
 1540576868  000005.67
 1540576869  000005.65
 1540576871  000005.58
 1540576872  000005.58
 1540576873  000005.64
 1540576874  000005.63
 1540576876  000005.63
 1540576877  000005.51
 1540576878  000005.63
 1540576880  000005.64
 1540576881  000005.60
 1540576882  000005.62
 1540576883  000005.61
 1540576885  000005.59
 1540576886  000005.58
 1540576887  000005.60
 1540576888  000005.59
 1540576890  000005.57
 1540576891  000005.72
 1540576892  000005.62
 1540576894  000005.61
 1540576895  000005.59
 1540576896  000005.62
 1540576897  000005.63
 1540576899  000005.68
 1540576900  000005.57
 1540576901  000005.58
 1540576902  000005.63
 1540576904  000005.64
 1540576905  000005.61
 1540576906  000005.53
 1540576908  000005.59
 1540576909  000005.63
 1540576910  000005.71
 1540576911  000005.64
 1540576913  000005.65
 1540576914  000005.61
 1540576915  000005.60
 1540576916  000005.58
 1540576918  000005.66
 1540576919  000005.69
 1540576920  000005.61
 1540576922  000005.58
 1540576923  000005.57
 1540576924  000005.60
 1540576925  000005.55
 1540576927  000005.58
 1540576928  000005.67
 1540576929  000005.65
 1540576930  000005.60
 1540576932  000005.65
 1540576933  000005.64
 1540576934  000005.60
 1540576936  000005.64
 1540576937  000005.65
 1540576938  000005.63
 1540576939  000005.61
 1540576941  000005.67
 1540576942  000005.58
 1540576943  000005.58
 1540576945  000005.57
 1540576946  000005.55
 1540576947  000005.55
 1540576948  000005.69
 1540576950  000005.62
 1540576951  000005.64
 1540576952  000005.64
 1540576953  000005.63
 1540576955  000005.59
 1540576956  000005.63
 1540576957  000005.68
 1540576959  000005.61
 1540576960  000005.61
 1540576961  000005.57
 1540576962  000005.57
 1540576964  000005.49
 1540576965  000005.53
 1540576966  000005.55
 1540576967  000005.56
 1540576969  000005.54
 1540576970  000005.66
 1540576971  000005.60
 1540576973  000005.57
 1540576974  000005.64
 1540576975  000005.59
 1540576976  000005.47
 1540576978  000005.68
 1540576979  000005.64
 1540576980  000005.64
 1540576981  000005.50
 1540576983  000005.58
 1540576984  000005.60
 1540576985  000005.60
 1540576987  000005.50
 1540576988  000005.63
 1540576989  000005.62
 1540576990  000005.68
 1540576992  000005.57
 1540576993  000005.61
 1540576994  000005.68
 1540576995  000005.65
 1540576997  000005.61
 1540576998  000005.61
 1540576999  000005.63
 1540577001  000005.48
 1540577002  000005.50
 1540577003  000005.61
 1540577004  000005.53
 1540577006  000005.31
 1540577007  000005.70
 1540577008  000005.55
 1540577010  000005.63
 1540577011  000005.68
 1540577012  000005.68
 1540577013  000005.60
 1540577015  000005.67
 1540577016  000005.60
 1540577017  000005.60
 1540577018  000005.64
 1540577020  000005.61
 1540577021  000005.60
 1540577022  000005.56
 1540577024  000005.55
 1540577025  000005.54
 1540577026  000005.56
 1540577027  000005.71
 1540577029  000005.74
 1540577030  000005.61
 1540577031  000005.57
 1540577032  000005.62
 1540577034  000005.63
 1540577035  000005.54
 1540577036  000005.67
 1540577038  000005.61
 1540577039  000005.59
 1540577040  000005.57
 1540577041  000005.57
 1540577043  000005.57
 1540577044  000005.45
 1540577045  000005.52
 1540577046  000005.66
 1540577048  000005.51
 1540577049  000005.74
 1540577050  000005.69
 1540577052  000005.72
 1540577053  000005.65
 1540577054  000005.65
 1540577055  000005.58
 1540577057  000005.62
 1540577058  000005.63
 1540577059  000005.62
 1540577060  000005.61
 1540577062  000005.60
 1540577063  000005.49
 1540577064  000005.52
 1540577066  000005.60
 1540577067  000005.64
 1540577068  000005.69
 1540577069  000005.51
 1540577071  000005.60
 1540577072  000005.60
 1540577073  000005.62
 1540577075  000005.58
 1540577076  000005.66
 1540577077  000005.62
 1540577078  000005.53
 1540577080  000005.64
 1540577081  000005.62
 1540577082  000005.64
 1540577083  000005.42
 1540577085  000005.72
 1540577086  000005.67
 1540577087  000005.68
 1540577089  000005.56
 1540577090  000005.56
 1540577091  000005.60
 1540577092  000005.55
 1540577094  000005.56
 1540577095  000005.58
 1540577096  000005.61
 1540577097  000005.65
 1540577099  000005.65
 1540577100  000005.58
 1540577101  000005.55
 1540577103  000005.77
 1540577104  000005.49
 1540577105  000005.57
 1540577106  000005.69
 1540577108  000005.63
 1540577109  000005.61
 1540577110  000005.67
 1540577111  000005.61
 1540577113  000005.58
 1540577114  000005.63
 1540577115  000005.52
 1540577117  000005.38
 1540577118  000005.57
 1540577119  000005.64
 1540577120  000005.61
 1540577122  000005.53
 1540577123  000005.41
 1540577124  000005.57
 1540577126  000005.53
 1540577127  000005.57
 1540577128  000005.62
 1540577129  000005.65
 1540577131  000005.68
 1540577132  000005.59
 1540577133  000005.66
 1540577134  000005.64
 1540577136  000005.60
 1540577137  000005.52
 1540577138  000005.67
 1540577140  000005.54
 1540577141  000005.55
 1540577142  000005.56
 1540577143  000005.76
 1540577145  000005.63
 1540577146  000005.60
 1540577147  000005.61
 1540577148  000005.70
 1540577150  000005.60
 1540577151  000005.55
 1540577152  000005.60
 1540577154  000005.61
 1540577155  000005.58
 1540577156  000005.72
 1540577157  000005.64
 1540577159  000005.63
 1540577160  000005.65
 1540577161  000005.67
 1540577162  000005.65
 1540577164  000005.61
 1540577165  000005.58
 1540577166  000005.60
 1540577168  000005.58
 1540577169  000005.63
 1540577170  000005.63
 1540577171  000005.67
 1540577173  000005.54
 1540577174  000005.71
 1540577175  000005.59
 1540577176  000005.64
 1540577178  000005.59
 1540577179  000005.59
 1540577180  000005.59
 1540577182  000005.69
 1540577183  000005.57
 1540577184  000005.66
 1540577185  000005.66
 1540577187  000005.57
 1540577188  000005.51
 1540577189  000005.67
 1540577191  000005.50
 1540577192  000005.68
 1540577193  000005.67
 1540577194  000005.57
 1540577196  000005.56
 1540577197  000005.58
 1540577198  000005.66
 1540577199  000005.50
 1540577201  000005.60
 1540577202  000005.45
 1540577203  000005.78
 1540577205  000005.70
 1540577206  000005.66
 1540577207  000005.64
 1540577208  000005.62
 1540577210  000005.61
 1540577211  000005.73
 1540577212  000005.63
 1540577213  000005.56
 1540577215  000005.58
 1540577216  000005.65
 1540577217  000005.56
 1540577219  000005.62
 1540577220  000005.46
 1540577221  000005.53
 1540577222  000005.60
 1540577224  000005.55
 1540577225  000005.71
 1540577226  000005.70
 1540577227  000005.58
 1540577229  000005.60
 1540577230  000005.75
 1540577231  000005.49
 1540577233  000005.53
 1540577234  000005.60
 1540577235  000005.63
 1540577236  000005.56
 1540577238  000005.52
 1540577239  000005.52
 1540577240  000005.58
 1540577242  000005.57
 1540577243  000005.51
 1540577244  000005.57
 1540577245  000005.53
 1540577247  000005.38
 1540577248  000005.48
 1540577249  000005.62
 1540577250  000005.50
 1540577252  000005.72
 1540577253  000005.63
 1540577254  000005.47
 1540577256  000005.60
 1540577257  000005.80
 1540577258  000005.56
 1540577259  000005.58
 1540577261  000005.66
 1540577262  000005.58
 1540577263  000005.55
 1540577264  000005.54
 1540577266  000005.58
 1540577267  000005.57
 1540577268  000005.57
 1540577270  000005.41
 1540577271  000005.61
 1540577272  000005.62
 1540577273  000005.58
 1540577275  000005.63
 1540577276  000005.23
 1540577277  000005.71
 1540577278  000005.65
 1540577280  000005.62
 1540577281  000005.49
 1540577282  000005.61
 1540577284  000005.53
 1540577285  000005.66
 1540577286  000005.51
 1540577287  000005.39
 1540577289  000005.46
 1540577290  000005.75
 1540577291  000005.66
 1540577293  000005.60
 1540577294  000005.77
 1540577295  000005.63
 1540577296  000005.61
 1540577298  000005.56
 1540577299  000005.68
 1540577300  000005.62
 1540577301  000005.59
 1540577303  000005.58
 1540577304  000005.58
 1540577305  000005.62
 1540577307  000005.44
 1540577308  000005.44
 1540577309  000005.46
 1540577310  000005.63
 1540577312  000005.56
 1540577313  000005.67
 1540577314  000005.48
 1540577315  000005.77
 1540577317  000005.55
 1540577318  000005.72
 1540577319  000005.66
 1540577321  000005.65
 1540577322  000005.60
 1540577323  000005.58
 1540577324  000005.57
 1540577326  000005.58
 1540577327  000005.50
 1540577328  000005.60
 1540577329  000005.44
 1540577331  000005.67
 1540577332  000005.59
 1540577333  000005.59
 1540577335  000005.66
 1540577336  000005.71
 1540577337  000005.64
 1540577338  000005.70
 1540577340  000005.58
 1540577341  000005.59
 1540577342  000005.58
 1540577344  000005.55
 1540577345  000005.55
 1540577346  000005.51
 1540577347  000005.62
 1540577349  000005.56
 1540577350  000005.64
 1540577351  000005.60
 1540577352  000005.53
 1540577354  000005.64
 1540577355  000005.64
 1540577356  000005.65
 1540577358  000005.59
 1540577359  000005.66
 1540577360  000005.61
 1540577361  000005.64
 1540577363  000005.56
 1540577364  000005.54
 1540577365  000005.47
 1540577366  000005.56
 1540577368  000005.53
 1540577369  000005.57
 1540577370  000005.56
 1540577372  000005.56
 1540577373  000005.75
 1540577374  000005.63
 1540577375  000005.64
 1540577377  000005.71
 1540577378  000005.62
 1540577379  000005.53
 1540577380  000005.61
 1540577382  000005.61
 1540577383  000005.57
 1540577384  000005.57
 1540577386  000005.54
 1540577387  000005.56
 1540577388  000005.69
 1540577389  000005.66
 1540577391  000005.66
 1540577392  000005.52
 1540577393  000005.57
 1540577395  000005.66
 1540577396  000005.69
 1540577397  000005.60
 1540577398  000005.65
 1540577400  000005.62
 1540577401  000005.62
 1540577402  000005.61
 1540577403  000005.59
 1540577405  000005.57
 1540577406  000005.49
 1540577407  000005.63
 1540577409  000005.64
 1540577410  000005.63
 1540577411  000005.60
 1540577412  000005.67
 1540577414  000005.62
 1540577415  000005.63
 1540577416  000005.62
 1540577417  000005.66
 1540577419  000005.59
 1540577420  000005.57
 1540577421  000005.63
 1540577423  000005.59
 1540577424  000005.50
 1540577425  000005.56
 1540577426  000005.51
 1540577428  000005.64
 1540577429  000005.64
 1540577430  000005.59
 1540577431  000005.57
 1540577433  000005.64
 1540577434  000005.58
 1540577435  000005.64
 1540577437  000005.65
 1540577438  000005.62
 1540577439  000005.61
 1540577440  000005.59
 1540577442  000005.63
 1540577443  000005.57
 1540577444  000005.61
 1540577445  000005.63
 1540577447  000005.61
 1540577448  000005.64
 1540577449  000005.63
 1540577451  000005.68
 1540577452  000005.66
 1540577453  000005.63
 1540577454  000005.59
 1540577456  000005.66
 1540577457  000005.62
 1540577458  000005.59
 1540577460  000005.65
 1540577461  000005.63
 1540577462  000005.61
 1540577463  000005.61
 1540577465  000005.55
 1540577466  000005.58
 1540577467  000005.54
 1540577468  000005.75
 1540577470  000005.63
 1540577471  000005.63
 1540577472  000005.64
 1540577474  000005.57
 1540577475  000005.60
 1540577476  000005.70
 1540577477  000005.60
 1540577479  000005.64
 1540577480  000005.58
 1540577481  000005.57
 1540577482  000005.46
 1540577484  000005.51
 1540577485  000005.40
 1540577486  000005.61
 1540577488  000005.73
 1540577489  000005.55
 1540577490  000005.62
 1540577491  000005.66
 1540577493  000005.69
 1540577494  000005.64
 1540577495  000005.71
 1540577496  000005.67
 1540577498  000005.65
 1540577499  000005.60
 1540577500  000005.58
 1540577502  000005.62
 1540577503  000005.57
 1540577504  000005.54
 1540577505  000005.47
 1540577507  000005.62
 1540577508  000005.62
 1540577509  000005.61
 1540577510  000005.59
 1540577512  000005.65
 1540577513  000005.66
 1540577514  000005.62
 1540577516  000005.58
 1540577517  000005.65
 1540577518  000005.61
 1540577519  000005.62
 1540577521  000005.56
 1540577522  000005.47
 1540577523  000005.38
 1540577525  000005.55
 1540577526  000005.61
 1540577527  000005.60
 1540577528  000005.64
 1540577530  000005.67
 1540577531  000005.58
 1540577532  000005.62
 1540577533  000005.49
 1540577535  000005.77
 1540577536  000005.68
 1540577537  000005.68
 1540577539  000005.56
 1540577540  000005.59
 1540577541  000005.51
 1540577542  000005.44
 1540577544  000005.53
 1540577545  000005.59
 1540577546  000005.58
 1540577547  000005.61
 1540577549  000005.51
 1540577550  000005.70
 1540577551  000005.70
 1540577553  000005.64
 1540577554  000005.65
 1540577555  000005.60
 1540577556  000005.58
 1540577558  000005.55
 1540577559  000005.44
 1540577560  000005.70
 1540577561  000005.52
 1540577563  000005.49
 1540577564  000005.51
 1540577565  000005.70
 1540577567  000005.56
 1540577568  000005.50
 1540577569  000005.70
 1540577570  000005.61
 1540577572  000005.72
 1540577573  000005.53
 1540577574  000005.71
 1540577575  000005.58
 1540577577  000005.67
 1540577578  000005.66
 1540577579  000005.58
 1540577581  000005.54
 1540577582  000005.57
 1540577583  000005.53
 1540577584  000005.51
 1540577586  000005.57
 1540577587  000005.59
 1540577588  000005.66
 1540577590  000005.55
 1540577591  000005.58
 1540577592  000005.64
 1540577593  000005.71
 1540577595  000005.63
 1540577596  000005.61
 1540577597  000005.60
 1540577598  000005.57
 1540577600  000005.55
 1540577601  000005.58
 1540577602  000005.47
 1540577604  000005.58
 1540577605  000005.66
 1540577606  000005.68
 1540577607  000005.62
 1540577609  000005.59
 1540577610  000005.62
 1540577611  000005.63
 1540577612  000005.69
 1540577614  000005.67
 1540577615  000005.62
 1540577616  000005.60
 1540577618  000005.59
 1540577619  000005.62
 1540577620  000005.58
 1540577621  000005.51
 1540577623  000005.55
 1540577624  000005.63
 1540577625  000005.69
 1540577626  000005.69
 1540577628  000005.55
 1540577629  000005.64
 1540577630  000005.56
 1540577632  000005.58
 1540577633  000005.66
 1540577634  000005.60
 1540577635  000005.61
 1540577637  000005.64
 1540577638  000005.60
 1540577639  000005.64
 1540577641  000005.68
 1540577642  000005.61
 1540577643  000005.66
 1540577644  000005.64
 1540577646  000005.66
 1540577647  000005.64
 1540577648  000005.63
 1540577649  000005.63
 1540577651  000005.64
 1540577652  000005.66
 1540577653  000005.60
 1540577655  000005.68
 1540577656  000005.56
 1540577657  000005.59
 1540577658  000005.61
 1540577660  000005.53
 1540577661  000005.54
 1540577662  000005.68
 1540577663  000005.58
 1540577665  000005.56
 1540577666  000005.61
 1540577667  000005.75
 1540577669  000005.57
 1540577670  000005.55
 1540577671  000005.59
 1540577672  000005.64
 1540577674  000005.47
 1540577675  000005.51
 1540577676  000005.45
 1540577677  000005.61
 1540577679  000005.56
 1540577680  000005.61
 1540577681  000005.45
 1540577683  000005.53
 1540577684  000005.50
 1540577685  000005.64
 1540577686  000005.51
 1540577688  000005.57
 1540577689  000005.68
 1540577690  000005.75
 1540577692  000005.63
 1540577693  000005.59
 1540577694  000005.69
 1540577695  000005.63
 1540577697  000005.62
 1540577698  000005.63
 1540577699  000005.47
 1540577700  000005.48
 1540577702  000005.41
 1540577703  000005.68
 1540577704  000005.57
 1540577706  000005.61
 1540577707  000005.62
 1540577708  000005.60
 1540577709  000005.54
 1540577711  000005.77
 1540577712  000005.51
 1540577713  000005.70
 1540577714  000005.63
 1540577716  000005.57
 1540577717  000005.60
 1540577718  000005.57
 1540577720  000005.50
 1540577721  000005.61
 1540577722  000005.40
 1540577723  000005.68
 1540577725  000005.62
 1540577726  000005.57
 1540577727  000005.68
 1540577728  000005.53
 1540577730  000005.65
 1540577731  000005.78
 1540577732  000005.68
 1540577734  000005.64
 1540577735  000005.59
 1540577736  000005.62
 1540577737  000005.46
 1540577739  000005.52
 1540577740  000005.39
 1540577741  000005.56
 1540577742  000005.73
 1540577744  000005.60
 1540577745  000005.52
 1540577746  000005.69
 1540577748  000005.53
 1540577749  000005.65
 1540577750  000005.57
 1540577751  000005.69
 1540577753  000005.64
 1540577754  000005.60
 1540577755  000005.55
 1540577757  000005.59
 1540577758  000005.37
 1540577759  000005.49
 1540577760  000005.54
 1540577762  000005.71
 1540577763  000005.57
 1540577764  000005.66
 1540577765  000005.37
 1540577767  000005.37
 1540577768  000005.74
 1540577769  000005.76
 1540577771  000005.44
 1540577772  000005.81
 1540577773  000005.58
 1540577774  000005.59
 1540577776  000005.64
 1540577777  000005.59
 1540577778  000005.39
 1540577779  000005.51
 1540577781  000005.23
 1540577782  000005.76
 1540577783  000005.55
 1540577785  000005.58
 1540577786  000005.42
 1540577787  000005.60
 1540577788  000005.61
 1540577790  000005.39
 1540577791  000005.41
 1540577792  000005.77
 1540577793  000005.40
 1540577795  000005.53
 1540577796  000005.44
 1540577797  000005.66
 1540577799  000005.37
 1540577800  000005.32
 1540577801  000005.69
 1540577802  000005.72
 1540577804  000005.44
 1540577805  000005.78
 1540577806  000005.63
 1540577807  000005.73
 1540577809  000005.60
 1540577810  000005.61
 1540577811  000005.65
 1540577813  000005.63
 1540577814  000005.55
 1540577815  000005.58
 1540577816  000005.58
 1540577818  000005.59
 1540577819  000005.56
 1540577820  000005.58
 1540577822  000005.76
 1540577823  000005.65
 1540577824  000005.55
 1540577825  000005.63
 1540577827  000005.66
 1540577828  000005.71
 1540577829  000005.66
 1540577830  000005.66
 1540577832  000005.62
 1540577833  000005.61
 1540577834  000005.67
 1540577836  000005.61
 1540577837  000005.56
 1540577838  000005.60
 1540577839  000005.52
 1540577841  000005.57
 1540577842  000005.70
 1540577843  000005.66
 1540577844  000005.60
 1540577846  000005.49
 1540577847  000005.65
 1540577848  000005.60
 1540577850  000005.70
 1540577851  000005.63
 1540577852  000005.61
 1540577853  000005.62
 1540577855  000005.63
 1540577856  000005.57
 1540577857  000005.59
 1540577858  000005.57
 1540577860  000005.56
 1540577861  000005.64
 1540577862  000005.57
 1540577864  000005.69
 1540577865  000005.66
 1540577866  000005.67
 1540577867  000005.67
 1540577869  000005.63
 1540577870  000005.63
 1540577871  000005.60
 1540577872  000005.58
 1540577874  000005.60
 1540577875  000005.65
 1540577876  000005.57
 1540577878  000005.56
 1540577879  000005.52
 1540577880  000005.71
 1540577881  000005.57
 1540577883  000005.60
 1540577884  000005.58
 1540577885  000005.67
 1540577887  000005.64
 1540577888  000005.62
 1540577889  000005.60
 1540577890  000005.63
 1540577892  000005.64
 1540577893  000005.67
 1540577894  000005.63
 1540577895  000005.59
 1540577897  000005.55
 1540577898  000005.51
 1540577899  000005.54
 1540577901  000005.56
 1540577902  000005.68
 1540577903  000005.61
 1540577904  000005.72
 1540577906  000005.69
 1540577907  000005.54
 1540577908  000005.70
 1540577909  000005.60
 1540577911  000005.55
 1540577912  000005.61
 1540577913  000005.62
 1540577915  000005.51
 1540577916  000005.51
 1540577917  000005.59
 1540577918  000005.67
 1540577920  000005.65
 1540577921  000005.58
 1540577922  000005.73
 1540577923  000005.70
 1540577925  000005.55
 1540577926  000005.64
 1540577927  000005.60
 1540577929  000005.60
 1540577930  000005.58
 1540577931  000005.66
 1540577932  000005.66
 1540577934  000005.68
 1540577935  000005.60
 1540577936  000005.60
 1540577937  000005.66
 1540577939  000005.73
 1540577940  000005.64
 1540577941  000005.56
 1540577943  000005.70
 1540577944  000005.63
 1540577945  000005.56
 1540577946  000005.57
 1540577948  000005.60
 1540577949  000005.62
 1540577950  000005.57
 1540577952  000005.66
 1540577953  000005.68
 1540577954  000005.57
 1540577955  000005.62
 1540577957  000005.45
 1540577958  000005.64
 1540577959  000005.72
 1540577960  000005.66
 1540577962  000005.63
 1540577963  000005.66
 1540577964  000005.62
 1540577966  000005.66
 1540577967  000005.66
 1540577968  000005.67
 1540577969  000005.62
 1540577971  000005.62
 1540577972  000005.62
 1540577973  000005.63
 1540577974  000005.54
 1540577976  000005.49
 1540577977  000005.46
 1540577978  000005.57
 1540577980  000005.49
 1540577981  000005.66
 1540577982  000005.55
 1540577983  000005.73
 1540577985  000005.49
 1540577986  000005.70
 1540577987  000005.63
 1540577988  000005.62
 1540577990  000005.61
 1540577991  000005.62
 1540577992  000005.59
 1540577994  000005.53
 1540577995  000005.51
 1540577996  000005.65
 1540577997  000005.36
 1540577999  000005.64
 1540578000  000005.72
 1540578001  000005.44
 1540578002  000005.69
 1540578004  000005.73
 1540578005  000005.71
 1540578006  000005.71
 1540578008  000005.60
 1540578009  000005.67
 1540578010  000005.66
 1540578011  000005.63
 1540578013  000005.54
 1540578014  000005.49
 1540578015  000005.64
 1540578017  000005.61
 1540578018  000005.65
 1540578019  000005.61
 1540578020  000005.62
 1540578022  000005.64
 1540578023  000005.59
 1540578024  000005.66
 1540578025  000005.57
 1540578027  000005.62
 1540578028  000005.58
 1540578029  000005.66
 1540578031  000005.70
 1540578032  000005.61
 1540578033  000005.52
 1540578034  000005.54
 1540578036  000005.63
 1540578037  000005.60
 1540578038  000005.63
 1540578039  000005.66
 1540578041  000005.68
 1540578042  000005.69
 1540578043  000005.64
 1540578045  000005.68
 1540578046  000005.67
 1540578047  000005.69
 1540578048  000005.63
 1540578050  000005.59
 1540578051  000005.63
 1540578052  000005.57
 1540578053  000005.52
 1540578055  000005.51
 1540578056  000005.59
 1540578057  000005.60
 1540578059  000005.52
 1540578060  000005.57
 1540578061  000005.74
 1540578062  000005.63
 1540578064  000005.61
 1540578065  000005.66
 1540578066  000005.70
 1540578067  000005.59
 1540578069  000005.59
 1540578070  000005.66
 1540578071  000005.59
 1540578073  000005.54
 1540578074  000005.60
 1540578075  000005.55
 1540578076  000005.61
 1540578078  000005.62
 1540578079  000005.61
 1540578080  000005.67
 1540578082  000005.64
 1540578083  000005.68
 1540578084  000005.63
 1540578085  000005.58
 1540578087  000005.69
 1540578088  000005.62
 1540578089  000005.64
 1540578090  000005.58
 1540578092  000005.57
 1540578093  000005.58
 1540578094  000005.47
 1540578096  000005.69
 1540578097  000005.69
 1540578098  000005.64
 1540578099  000005.67
 1540578101  000005.68
 1540578102  000005.64
 1540578103  000005.66
 1540578104  000005.65
 1540578106  000005.69
 1540578107  000005.67
 1540578108  000005.62
 1540578110  000005.63
 1540578111  000005.57
 1540578112  000005.65
 1540578113  000005.52
 1540578115  000005.64
 1540578116  000005.60
 1540578117  000005.69
 1540578118  000005.63
 1540578120  000005.64
 1540578121  000005.64
 1540578122  000005.63
 1540578124  000005.65
 1540578125  000005.68
 1540578126  000005.56
 1540578127  000005.63
 1540578129  000005.58
 1540578130  000005.60
 1540578131  000005.49
 1540578132  000005.61
 1540578134  000005.40
 1540578135  000005.67
 1540578136  000005.57
 1540578138  000005.69
 1540578139  000005.71
 1540578140  000005.61
 1540578141  000005.62
 1540578143  000005.67
 1540578144  000005.73
 1540578145  000005.66
 1540578147  000005.73
 1540578148  000005.65
 1540578149  000005.71
 1540578150  000005.64
 1540578152  000005.68
 1540578153  000005.72
 1540578154  000005.72
 1540578155  000005.68
 1540578157  000005.79
 1540578158  000005.78
 1540578159  000005.81
 1540578161  000005.74
 1540578162  000005.71
 1540578163  000005.76
 1540578164  000005.74
 1540578166  000005.66
 1540578167  000005.70
 1540578168  000005.70
 1540578169  000005.67
 1540578171  000005.66
 1540578172  000005.54
 1540578173  000005.63
 1540578175  000005.73
 1540578176  000005.79
 1540578177  000005.66
 1540578178  000005.68
 1540578180  000005.53
 1540578181  000005.59
 1540578182  000005.60
 1540578183  000005.62
 1540578185  000005.67
 1540578186  000005.82
 1540578187  000005.53
 1540578189  000005.61
 1540578190  000005.52
 1540578191  000005.48
 1540578192  000005.48
 1540578194  000005.67
 1540578195  000005.72
 1540578196  000005.76
 1540578197  000005.74
 1540578199  000005.65
 1540578200  000005.61
 1540578201  000005.71
 1540578203  000005.74
 1540578204  000005.80
 1540578205  000005.61
 1540578206  000005.68
 1540578208  000005.69
 1540578209  000005.74
 1540578210  000005.60
 1540578212  000005.72
 1540578213  000005.63
 1540578214  000005.74
 1540578215  000005.71
 1540578217  000005.59
 1540578218  000005.59
 1540578219  000005.86
 1540578220  000005.75
 1540578222  000005.78
 1540578223  000005.66
 1540578224  000005.80
 1540578226  000005.63
 1540578227  000005.73
 1540578228  000005.54
 1540578229  000005.72
 1540578231  000005.43
 1540578232  000005.60
 1540578233  000005.59
 1540578234  000005.80
 1540578236  000005.79
 1540578237  000005.75
 1540578238  000005.69
 1540578240  000005.70
 1540578241  000005.77
 1540578242  000005.79
 1540578243  000005.72
 1540578245  000005.78
 1540578246  000005.66
 1540578247  000005.67
 1540578248  000005.49
 1540578250  000005.43
 1540578251  000005.41
 1540578252  000005.63
 1540578254  000005.31
 1540578255  000005.60
 1540578256  000005.42
 1540578257  000005.83
 1540578259  000005.52
 1540578260  000005.98
 1540578261  000005.73
 1540578263  000005.68
 1540578264  000005.67
 1540578265  000005.66
 1540578266  000005.83
 1540578268  000005.59
 1540578269  000005.47
 1540578270  000005.78
 1540578271  000005.48
 1540578273  000005.63
 1540578274  000005.65
 1540578275  000005.53
 1540578277  000005.82
 1540578278  000005.75
 1540578279  000005.67
 1540578280  000005.82
 1540578282  000005.52
 1540578283  000005.60
 1540578284  000005.70
 1540578285  000005.77
 1540578287  000005.48
 1540578288  000005.74
 1540578289  000005.66
 1540578291  000005.65
 1540578292  000005.68
 1540578293  000005.75
 1540578294  000005.66
 1540578296  000005.85
 1540578297  000005.69
 1540578298  000005.77
 1540578299  000005.67
 1540578301  000005.75
 1540578302  000005.62
 1540578303  000005.74
 1540578305  000005.52
 1540578306  000005.65
 1540578307  000005.64
 1540578308  000005.86
 1540578310  000005.62
 1540578311  000005.78
 1540578312  000005.68
 1540578314  000005.65
 1540578315  000005.68
 1540578316  000005.64
 1540578317  000005.77
 1540578319  000005.73
 1540578320  000005.69
 1540578321  000005.69
 1540578322  000005.61
 1540578324  000005.59
 1540578325  000005.52
 1540578326  000005.68
 1540578328  000005.64
 1540578329  000005.66
 1540578330  000005.81
 1540578331  000005.77
 1540578333  000005.70
 1540578334  000005.68
 1540578335  000005.76
 1540578336  000005.74
 1540578338  000005.68
 1540578339  000005.71
 1540578340  000005.68
 1540578342  000005.70
 1540578343  000005.58
 1540578344  000005.65
 1540578345  000005.49
 1540578347  000005.73
 1540578348  000005.73
 1540578349  000005.60
 1540578350  000005.72
 1540578352  000005.60
 1540578353  000005.62
 1540578354  000005.70
 1540578356  000005.68
 1540578357  000005.76
 1540578358  000005.63
 1540578359  000005.75
 1540578361  000005.65
 1540578362  000005.61
 1540578363  000005.45
 1540578365  000005.58
 1540578366  000005.40
 1540578367  000005.85
 1540578368  000005.38
 1540578370  000005.64
 1540578371  000005.57
 1540578372  000005.82
 1540578373  000005.64
 1540578375  000005.64
 1540578376  000005.74
 1540578377  000005.68
 1540578379  000005.65
 1540578380  000005.67
 1540578381  000005.44
 1540578382  000005.61
 1540578384  000005.44
 1540578385  000005.49
 1540578386  000005.51
 1540578387  000005.67
 1540578389  000005.65
 1540578390  000005.86
 1540578391  000005.70
 1540578393  000005.72
 1540578394  000005.63
 1540578395  000005.72
 1540578396  000005.49
 1540578398  000005.70
 1540578399  000005.61
 1540578400  000005.61
 1540578401  000005.43
 1540578403  000005.73
 1540578404  000005.53
 1540578405  000005.76
 1540578407  000005.57
 1540578408  000005.64
 1540578409  000005.65
 1540578410  000005.82
 1540578412  000005.65
 1540578413  000005.78
 1540578414  000005.77
 1540578415  000005.68
 1540578417  000005.61
 1540578418  000005.68
 1540578419  000005.60
 1540578421  000005.65
 1540578422  000005.59
 1540578423  000005.60
 1540578424  000005.63
 1540578426  000005.67
 1540578427  000005.48
 1540578428  000005.81
 1540578430  000005.69
 1540578431  000005.73
 1540578432  000005.77
 1540578433  000005.76
 1540578435  000005.62
 1540578436  000005.79
 1540578437  000005.73
 1540578438  000005.71
 1540578440  000005.64
 1540578441  000005.68
 1540578442  000005.58
 1540578444  000005.56
 1540578445  000005.53
 1540578446  000005.82
 1540578447  000005.66
 1540578449  000005.66
 1540578450  000005.78
 1540578451  000005.76
 1540578452  000005.73
 1540578454  000005.69
 1540578455  000005.56
 1540578456  000005.63
 1540578458  000005.64
 1540578459  000005.71
 1540578460  000005.55
 1540578461  000005.64
 1540578463  000005.43
 1540578464  000005.59
 1540578465  000005.63
 1540578466  000005.72
 1540578468  000005.45
 1540578469  000005.75
 1540578470  000005.71
 1540578472  000005.76
 1540578473  000005.68
 1540578474  000005.59
 1540578475  000005.78
 1540578477  000005.80
 1540578478  000005.51
 1540578479  000005.56
 1540578480  000005.55
 1540578482  000005.63
 1540578483  000005.61
 1540578484  000005.80
 1540578486  000005.71
 1540578487  000005.55
 1540578488  000005.74
 1540578489  000005.78
 1540578491  000005.52
 1540578492  000005.64
 1540578493  000005.83
 1540578495  000005.79
 1540578496  000005.74
 1540578497  000005.67
 1540578498  000005.69
 1540578500  000005.68
 1540578501  000005.58
 1540578502  000005.55
 1540578503  000005.43
 1540578505  000005.76
 1540578506  000005.64
 1540578507  000005.63
 1540578509  000005.51
 1540578510  000005.78
 1540578511  000005.58
 1540578512  000005.79
 1540578514  000005.66
 1540578515  000005.71
 1540578516  000005.68
 1540578517  000005.66
 1540578519  000005.60
 1540578520  000005.60
 1540578521  000005.56
 1540578523  000005.55
 1540578524  000005.62
 1540578525  000005.82
 1540578526  000005.78
 1540578528  000005.67
 1540578529  000005.70
 1540578530  000005.73
 1540578531  000005.71
 1540578533  000005.64
 1540578534  000005.67
 1540578535  000005.73
 1540578537  000005.64
 1540578538  000005.68
 1540578539  000005.60
 1540578540  000005.67
 1540578542  000005.61
 1540578543  000005.59
 1540578544  000005.65
 1540578546  000005.67
 1540578547  000005.56
 1540578548  000005.71
 1540578549  000005.61
 1540578551  000005.53
 1540578552  000005.76
 1540578553  000005.66
 1540578554  000005.64
 1540578556  000005.61
 1540578557  000005.61
 1540578558  000005.58
 1540578560  000005.57
  
  
  
  
  
  
  
  
  
  
  
  
  
  
  
  
  
  
  
  
  
  
  
  
  
  
  
  
  
  
  
  
  
  
  
  
  
  
  
  
  
  
  
  
  
  
  
  
  
  
  
