 575243  07.8
 1540574875 00 0 000008.2
 1540574876  000008.4
 1540574877  000008.2
 1540574878  000008.2
 1540574880  000008.2
 1540574881  000008.0
 1540574882  000008.0
 1540574883  000008.2
 1540574885  000008.0
 1540574886  000008.1
 1540574887  000008.1
 1540574889  000008.1
 1540574890  000008.1
 1540574891  000008.0
 1540574892  000008.3
 1540574894  000008.1
 1540574895  000008.2
 1540574896  000008.2
 1540574897  000008.1
 1540574899  000008.1
 1540574900  000008.3
 1540574901  000007.9
 1540574903  000008.0
 1540574904  000008.0
 1540574905  000008.1
 1540574906  000008.0
 1540574908  000008.0
 1540574909  000008.0
 1540574910  000008.1
 1540574911  000008.2
 1540574913  000008.1
 1540574914  000008.0
 1540574915  000008.3
 1540574917  000008.0
 1540574918  000008.0
 1540574919  000008.1
 1540574920  000008.4
 1540574922  000008.0
 1540574923  000008.0
 1540574924  000008.1
 1540574925  000008.2
 1540574927  000008.1
 1540574928  000008.0
 1540574929  000008.1
 1540574931  000008.1
 1540574932  000008.2
 1540574933  000008.1
 1540574934  000008.1
 1540574936  000008.1
 1540574937  000008.3
 1540574938  000007.9
 1540574940  000007.9
 1540574941  000008.1
 1540574942  000008.0
 1540574943  000008.1
 1540574945  000007.9
 1540574946  000008.2
 1540574947  000008.1
 1540574948  000007.9
 1540574950  000008.1
 1540574951  000007.9
 1540574952  000008.1
 1540574954  000008.0
 1540574955  000008.3
 1540574956  000008.1
 1540574957  000008.0
 1540574959  000008.0
 1540574960  000008.2
 1540574961  000008.0
 1540574962  000008.0
 1540574964  000007.9
 1540574965  000008.0
 1540574966  000007.9
 1540574968  000008.2
 1540574969  000008.0
 1540574970  000008.0
 1540574971  000008.1
 1540574973  000008.2
 1540574974  000008.1
 1540574975  000008.1
 1540574976  000008.1
 1540574978  000008.1
 1540574979  000008.0
 1540574980  000008.1
 1540574982  000008.1
 1540574983  000008.1
 1540574984  000007.9
 1540574985  000007.9
 1540574987  000008.1
 1540574988  000008.3
 1540574989  000008.0
 1540574991  000008.1
 1540574992  000008.1
 1540574993  000008.1
 1540574994  000008.2
 1540574996  000008.1
 1540574997  000008.0
 1540574998  000008.2
 1540574999  000008.3
 1540575001  000008.0
 1540575002  000008.1
 1540575003  000008.2
 1540575005  000008.0
 1540575006  000008.2
 1540575007  000007.9
 1540575008  000008.0
 1540575010  000008.1
 1540575011  000008.2
 1540575012  000008.2
 1540575013  000008.1
 1540575015  000007.9
 1540575016  000008.4
 1540575017  000008.1
 1540575019  000008.2
 1540575020  000007.9
 1540575021  000008.1
 1540575022  000008.1
 1540575024  000008.1
 1540575025  000008.1
 1540575026  000008.1
 1540575027  000008.2
 1540575029  000008.1
 1540575030  000008.1
 1540575031  000007.9
 1540575033  000008.2
 1540575034  000007.9
 1540575035  000008.2
 1540575036  000008.0
 1540575038  000008.0
 1540575039  000007.9
 1540575040  000008.2
 1540575041  000008.0
 1540575043  000008.1
 1540575044  000007.9
 1540575045  000008.2
 1540575047  000008.1
 1540575048  000008.2
 1540575049  000008.2
 1540575050  000007.9
 1540575052  000008.3
 1540575053  000008.1
 1540575054  000008.1
 1540575056  000008.2
 1540575057  000008.1
 1540575058  000008.0
 1540575059  000008.1
 1540575061  000008.0
 1540575062  000008.1
 1540575063  000008.0
 1540575064  000008.1
 1540575066  000008.0
 1540575067  000008.0
 1540575068  000008.1
 1540575070  000008.1
 1540575071  000008.0
 1540575072  000007.9
 1540575073  000008.2
 1540575075  000008.0
 1540575076  000008.0
 1540575077  000008.3
 1540575078  000008.0
 1540575080  000008.0
 1540575081  000008.1
 1540575082  000008.1
 1540575084  000008.2
 1540575085  000008.2
 1540575086  000008.2
 1540575087  000008.0
 1540575089  000008.1
 1540575090  000008.1
 1540575091  000008.1
 1540575092  000008.1
 1540575094  000008.0
 1540575095  000008.2
 1540575096  000008.1
 1540575098  000008.1
 1540575099  000008.0
 1540575100  000008.1
 1540575101  000008.3
 1540575103  000008.0
 1540575104  000008.1
 1540575105  000008.1
 1540575106  000008.0
 1540575108  000008.0
 1540575109  000008.1
 1540575110  000008.2
 1540575112  000008.2
 1540575113  000008.1
 1540575114  000008.2
 1540575115  000008.1
 1540575117  000008.1
 1540575118  000008.1
 1540575119  000008.4
 1540575121  000008.2
 1540575122  000008.1
 1540575123  000008.1
 1540575124  000008.1
 1540575126  000007.9
 1540575127  000008.1
 1540575128  000008.0
 1540575129  000008.0
 1540575131  000008.0
 1540575132  000008.1
 1540575133  000008.0
 1540575135  000008.1
 1540575136  000008.0
 1540575137  000008.1
 1540575138  000008.0
 1540575140  000008.0
 1540575141  000008.1
 1540575142  000008.1
 1540575143  000008.0
 1540575145  000008.1
 1540575146  000008.3
 1540575147  000008.2
 1540575149  000008.1
 1540575150  000008.1
 1540575151  000008.0
 1540575152  000008.1
 1540575154  000008.2
 1540575155  000008.2
 1540575156  000008.1
 1540575157  000008.1
 1540575159  000008.1
 1540575160  000008.1
 1540575161  000008.0
 1540575163  000008.1
 1540575164  000008.2
 1540575165  000008.1
 1540575166  000008.1
 1540575168  000008.2
 1540575169  000008.1
 1540575170  000008.0
 1540575172  000008.2
 1540575173  000008.2
 1540575174  000008.0
 1540575175  000008.1
 1540575177  000008.0
 1540575178  000008.2
 1540575179  000008.5
 1540575180  000008.1
 1540575182  000008.2
 1540575183  000008.3
 1540575184  000008.1
 1540575186  000008.0
 1540575187  000008.3
 1540575188  000008.1
 1540575189  000007.9
 1540575191  000008.3
 1540575192  000008.3
 1540575193  000008.2
 1540575194  000008.1
 1540575196  000008.0
 1540575197  000008.2
 1540575198  000008.1
 1540575200  000008.1
 1540575201  000008.0
 1540575202  000008.0
 1540575203  000008.0
 1540575205  000008.3
 1540575206  000008.1
 1540575207  000008.2
 1540575208  000008.1
 1540575210  000008.0
 1540575211  000008.1
 1540575212  000008.1
 1540575214  000008.2
 1540575215  000008.2
 1540575216  000008.1
 1540575217  000008.1
 1540575219  000008.3
 1540575220  000008.0
 1540575221  000008.0
 1540575222  000008.0
 1540575224  000008.3
 1540575225  000008.2
 1540575226  000008.0
 1540575228  000008.2
 1540575229  000008.3
 1540575230  000008.2
 1540575231  000008.2
 1540575233  000008.0
 1540575234  000008.2
 1540575235  000008.1
 1540575237  000008.3
 1540575238  000008.1
 1540575239  000008.0
 1540575240  000008.2
 1540575242  000008.3
 1540575243  000008.1
 1540575244  000008.2
 1540575245  000008.2
 1540575247  000008.1
 1540575248  000008.4
 1540575249  000008.0
 1540575251  000008.1
 1540575252  000008.2
 1540575253  000008.2
 1540575254  000008.3
 1540575256  000008.3
 1540575257  000008.1
 1540575258  000008.0
 1540575259  000008.2
 1540575261  000008.3
 1540575262  000008.0
 1540575263  000008.2
 1540575265  000008.2
 1540575266  000008.3
 1540575267  000008.1
 1540575268  000008.1
 1540575270  000007.9
 1540575271  000008.0
 1540575272  000008.2
 1540575273  000008.1
 1540575275  000008.2
 1540575276  000008.2
 1540575277  000008.1
 1540575279  000008.1
 1540575280  000008.0
 1540575281  000008.1
 1540575282  000008.1
 1540575284  000008.1
 1540575285  000008.1
 1540575286  000008.3
 1540575287  000007.9
 1540575289  000008.1
 1540575290  000008.2
 1540575291  000008.1
 1540575293  000008.0
 1540575294  000008.2
 1540575295  000008.0
 1540575296  000008.2
 1540575298  000008.1
 1540575299  000008.2
 1540575300  000008.2
 1540575302  000008.1
 1540575303  000007.9
 1540575304  000008.1
 1540575305  000008.0
 1540575307  000008.2
 1540575308  000008.0
 1540575309  000008.0
 1540575310  000008.0
 1540575312  000008.0
 1540575313  000008.0
 1540575314  000008.0
 1540575316  000008.1
 1540575317  000008.2
 1540575318  000008.0
 1540575319  000008.1
 1540575321  000008.3
 1540575322  000008.0
 1540575323  000008.1
 1540575324  000008.1
 1540575326  000007.9
 1540575327  000008.2
 1540575328  000008.0
 1540575330  000008.1
 1540575331  000008.3
 1540575332  000008.1
 1540575333  000008.0
 1540575335  000008.0
 1540575336  000008.3
 1540575337  000008.2
 1540575338  000008.0
 1540575340  000008.0
 1540575341  000008.3
 1540575342  000008.2
 1540575344  000008.0
 1540575345  000008.3
 1540575346  000008.0
 1540575347  000008.1
 1540575349  000008.1
 1540575350  000008.0
 1540575351  000008.0
 1540575352  000008.1
 1540575354  000008.2
 1540575355  000008.1
 1540575356  000008.1
 1540575358  000008.3
 1540575359  000008.1
 1540575360  000008.2
 1540575361  000008.0
 1540575363  000008.2
 1540575364  000008.2
 1540575365  000008.2
 1540575367  000008.1
 1540575368  000008.1
 1540575369  000008.1
 1540575370  000008.2
 1540575372  000008.0
 1540575373  000008.1
 1540575374  000008.0
 1540575375  000008.4
 1540575377  000007.9
 1540575378  000008.1
 1540575379  000008.1
 1540575381  000008.2
 1540575382  000008.0
 1540575383  000008.1
 1540575384  000008.0
 1540575386  000008.3
 1540575387  000008.0
 1540575388  000008.0
 1540575389  000008.1
 1540575391  000008.0
 1540575392  000008.1
 1540575393  000008.1
 1540575395  000008.2
 1540575396  000008.3
 1540575397  000008.1
 1540575398  000008.2
 1540575400  000008.0
 1540575401  000008.3
 1540575402  000008.1
 1540575403  000008.2
 1540575405  000008.1
 1540575406  000008.0
 1540575407  000008.2
 1540575409  000008.3
 1540575410  000008.2
 1540575411  000008.1
 1540575412  000008.1
 1540575414  000008.0
 1540575415  000008.2
 1540575416  000008.2
 1540575418  000008.1
 1540575419  000008.0
 1540575420  000008.1
 1540575421  000008.1
 1540575423  000008.2
 1540575424  000008.0
 1540575425  000008.1
 1540575426  000008.0
 1540575428  000008.1
 1540575429  000008.2
 1540575430  000008.1
 1540575432  000008.0
 1540575433  000008.1
 1540575434  000007.8
 1540575435  000008.2
 1540575437  000008.2
 1540575438  000008.0
 1540575439  000008.1
 1540575440  000008.1
 1540575442  000008.4
 1540575443  000008.1
 1540575444  000008.0
 1540575446  000008.0
 1540575447  000008.2
 1540575448  000008.1
 1540575449  000008.1
 1540575451  000008.1
 1540575452  000008.2
 1540575453  000008.0
 1540575454  000008.0
 1540575456  000008.1
 1540575457  000008.1
 1540575458  000008.2
 1540575460  000008.1
 1540575461  000008.1
 1540575462  000008.1
 1540575463  000008.1
 1540575465  000008.2
 1540575466  000008.0
 1540575467  000008.2
 1540575468  000008.0
 1540575470  000008.1
 1540575471  000008.0
 1540575472  000008.1
 1540575474  000008.1
 1540575475  000008.3
 1540575476  000008.1
 1540575477  000008.0
 1540575479  000007.9
 1540575480  000008.2
 1540575481  000008.0
 1540575483  000008.1
 1540575484  000008.1
 1540575485  000008.2
 1540575486  000008.0
 1540575488  000008.2
 1540575489  000008.1
 1540575490  000008.1
 1540575491  000008.1
 1540575493  000008.2
 1540575494  000008.3
 1540575495  000008.1
 1540575497  000008.2
 1540575498  000008.1
 1540575499  000007.9
 1540575500  000008.3
 1540575502  000008.2
 1540575503  000008.3
 1540575504  000008.3
 1540575505  000008.1
 1540575507  000008.1
 1540575508  000008.1
 1540575509  000008.1
 1540575511  000008.1
 1540575512  000008.1
 1540575513  000008.0
 1540575514  000008.3
 1540575516  000008.1
 1540575517  000008.2
 1540575518  000008.2
 1540575519  000008.1
 1540575521  000007.9
 1540575522  000008.1
 1540575523  000008.1
 1540575525  000008.1
 1540575526  000008.2
 1540575527  000007.9
 1540575528  000008.3
 1540575530  000008.2
 1540575531  000008.1
 1540575532  000008.2
 1540575533  000007.8
 1540575535  000008.1
 1540575536  000008.0
 1540575537  000007.9
 1540575539  000008.0
 1540575540  000007.8
 1540575541  000008.1
 1540575542  000008.0
 1540575544  000008.2
 1540575545  000007.8
 1540575546  000008.1
 1540575548  000008.0
 1540575549  000008.0
 1540575550  000008.2
 1540575551  000008.2
 1540575553  000008.1
 1540575554  000008.1
 1540575555  000008.1
 1540575556  000008.0
 1540575558  000008.2
 1540575559  000008.1
 1540575560  000008.1
 1540575562  000008.3
 1540575563  000008.0
 1540575564  000008.0
 1540575565  000008.0
 1540575567  000008.0
 1540575568  000008.0
 1540575569  000008.2
 1540575570  000008.0
 1540575572  000007.9
 1540575573  000008.2
 1540575574  000008.1
 1540575576  000007.9
 1540575577  000008.1
 1540575578  000008.1
 1540575579  000008.2
 1540575581  000008.2
 1540575582  000008.2
 1540575583  000008.0
 1540575584  000008.2
 1540575586  000008.1
 1540575587  000008.0
 1540575588  000008.2
 1540575590  000008.0
 1540575591  000008.2
 1540575592  000008.0
 1540575593  000008.0
 1540575595  000008.0
 1540575596  000008.0
 1540575597  000008.1
 1540575598  000008.3
 1540575600  000008.2
 1540575601  000008.2
 1540575602  000008.1
 1540575604  000008.0
 1540575605  000008.0
 1540575606  000008.2
 1540575607  000008.1
 1540575609  000008.2
 1540575610  000008.1
 1540575611  000008.1
 1540575612  000008.2
 1540575614  000008.1
 1540575615  000008.0
 1540575616  000008.1
 1540575618  000008.1
 1540575619  000008.3
 1540575620  000008.1
 1540575621  000008.0
 1540575623  000008.1
 1540575624  000008.1
 1540575625  000008.2
 1540575627  000008.1
 1540575628  000008.1
 1540575629  000008.1
 1540575630  000008.1
 1540575632  000008.2
 1540575633  000008.1
 1540575634  000008.2
 1540575635  000008.2
 1540575637  000008.1
 1540575638  000008.2
 1540575639  000008.0
 1540575641  000007.9
 1540575642  000008.1
 1540575643  000007.9
 1540575644  000008.0
 1540575646  000008.1
 1540575647  000008.1
 1540575648  000008.1
 1540575649  000008.3
 1540575651  000008.1
 1540575652  000007.9
 1540575653  000008.2
 1540575655  000008.0
 1540575656  000008.1
 1540575657  000008.1
 1540575658  000008.2
 1540575660  000008.3
 1540575661  000008.1
 1540575662  000008.1
 1540575663  000008.2
 1540575665  000008.0
 1540575666  000008.3
 1540575667  000008.1
 1540575669  000007.9
 1540575670  000008.1
 1540575671  000008.1
 1540575672  000008.1
 1540575674  000008.0
 1540575675  000008.2
 1540575676  000008.1
 1540575677  000008.0
 1540575679  000008.1
 1540575680  000008.1
 1540575681  000008.1
 1540575683  000008.1
 1540575684  000008.0
 1540575685  000008.0
 1540575686  000008.0
 1540575688  000008.3
 1540575689  000008.3
 1540575690  000008.3
 1540575692  000008.2
 1540575693  000008.1
 1540575694  000008.1
 1540575695  000008.1
 1540575697  000008.0
 1540575698  000008.2
 1540575699  000008.2
 1540575700  000008.1
 1540575702  000008.1
 1540575703  000008.0
 1540575704  000008.0
 1540575706  000008.0
 1540575707  000007.9
 1540575708  000008.0
 1540575709  000008.1
 1540575711  000008.2
 1540575712  000008.0
 1540575713  000008.2
 1540575714  000008.2
 1540575716  000008.1
 1540575717  000008.0
 1540575718  000008.2
 1540575720  000008.1
 1540575721  000008.2
 1540575722  000008.2
 1540575723  000008.3
 1540575725  000008.3
 1540575726  000008.0
 1540575727  000008.1
 1540575728  000008.1
 1540575730  000008.0
 1540575731  000008.2
 1540575732  000008.0
 1540575734  000008.2
 1540575735  000008.2
 1540575736  000008.0
 1540575737  000008.2
 1540575739  000008.0
 1540575740  000008.1
 1540575741  000008.1
 1540575743  000008.2
 1540575744  000008.3
 1540575745  000008.0
 1540575746  000008.1
 1540575748  000008.2
 1540575749  000008.1
 1540575750  000008.1
 1540575751  000007.9
 1540575753  000008.2
 1540575754  000008.2
 1540575755  000008.2
 1540575757  000008.1
 1540575758  000008.2
 1540575759  000008.1
 1540575760  000008.1
 1540575762  000008.3
 1540575763  000008.2
 1540575764  000008.1
 1540575765  000008.3
 1540575767  000008.1
 1540575768  000008.1
 1540575769  000008.0
 1540575771  000008.1
 1540575772  000008.1
 1540575773  000008.1
 1540575774  000008.1
 1540575776  000008.2
 1540575777  000008.2
 1540575778  000008.1
 1540575779  000008.1
 1540575781  000008.2
 1540575782  000008.2
 1540575783  000008.0
 1540575785  000008.1
 1540575786  000008.1
 1540575787  000008.1
 1540575788  000008.2
 1540575790  000008.1
 1540575791  000008.1
 1540575792  000008.1
 1540575794  000008.1
 1540575795  000008.1
 1540575796  000008.1
 1540575797  000008.2
 1540575799  000008.1
 1540575800  000008.2
 1540575801  000008.1
 1540575802  000008.2
 1540575804  000008.3
 1540575805  000008.0
 1540575806  000008.2
 1540575808  000008.2
 1540575809  000008.1
 1540575810  000008.1
 1540575811  000008.1
 1540575813  000008.1
 1540575814  000008.1
 1540575815  000008.0
 1540575816  000008.1
 1540575818  000008.1
 1540575819  000008.1
 1540575820  000008.0
 1540575822  000008.0
 1540575823  000008.1
 1540575824  000008.2
 1540575825  000008.1
 1540575827  000007.9
 1540575828  000008.1
 1540575829  000008.1
 1540575830  000008.1
 1540575832  000008.2
 1540575833  000008.1
 1540575834  000008.2
 1540575836  000008.1
 1540575837  000008.1
 1540575838  000008.1
 1540575839  000008.1
 1540575841  000008.1
 1540575842  000008.1
 1540575843  000008.2
 1540575844  000008.3
 1540575846  000008.1
 1540575847  000008.1
 1540575848  000008.1
 1540575850  000007.9
 1540575851  000008.0
 1540575852  000008.1
 1540575853  000008.0
 1540575855  000008.1
 1540575856  000008.2
 1540575857  000008.2
 1540575859  000008.1
 1540575860  000008.3
 1540575861  000008.1
 1540575862  000008.2
 1540575864  000008.3
 1540575865  000008.2
 1540575866  000008.2
 1540575867  000008.1
 1540575869  000008.3
 1540575870  000008.2
 1540575871  000008.1
 1540575873  000008.0
 1540575874  000008.1
 1540575875  000008.2
 1540575876  000008.2
 1540575878  000008.2
 1540575879  000008.2
 1540575880  000008.1
 1540575881  000008.3
 1540575883  000008.1
 1540575884  000008.0
 1540575885  000008.1
 1540575887  000008.1
 1540575888  000008.3
 1540575889  000008.2
 1540575890  000008.3
 1540575892  000008.2
 1540575893  000008.0
 1540575894  000008.1
 1540575895  000008.2
 1540575897  000008.1
 1540575898  000008.2
 1540575899  000008.0
 1540575901  000008.1
 1540575902  000008.0
 1540575903  000008.3
 1540575904  000008.2
 1540575906  000008.3
 1540575907  000008.0
 1540575908  000008.0
 1540575910  000008.0
 1540575911  000008.2
 1540575912  000008.2
 1540575913  000007.9
 1540575915  000007.9
 1540575916  000008.0
 1540575917  000008.0
 1540575918  000008.2
 1540575920  000008.2
 1540575921  000008.2
 1540575922  000008.2
 1540575924  000008.0
 1540575925  000008.2
 1540575926  000008.2
 1540575927  000008.0
 1540575929  000008.2
 1540575930  000008.0
 1540575931  000008.1
 1540575932  000008.0
 1540575934  000008.1
 1540575935  000008.1
 1540575936  000008.1
 1540575938  000007.9
 1540575939  000008.4
 1540575940  000008.1
 1540575941  000008.1
 1540575943  000008.1
 1540575944  000008.0
 1540575945  000008.1
 1540575946  000008.1
 1540575948  000008.1
 1540575949  000008.2
 1540575950  000008.0
 1540575952  000008.1
 1540575953  000008.1
 1540575954  000008.1
 1540575955  000008.1
 1540575957  000008.3
 1540575958  000008.1
 1540575959  000008.2
 1540575961  000008.1
 1540575962  000008.0
 1540575963  000008.2
 1540575964  000008.1
 1540575966  000008.0
 1540575967  000008.2
 1540575968  000008.3
 1540575969  000008.2
 1540575971  000008.0
 1540575972  000008.1
 1540575973  000008.0
 1540575975  000008.1
 1540575976  000008.1
 1540575977  000008.2
 1540575978  000008.1
 1540575980  000008.1
 1540575981  000008.1
 1540575982  000007.9
 1540575983  000008.2
 1540575985  000008.1
 1540575986  000008.1
 1540575987  000007.9
 1540575989  000008.3
 1540575990  000008.1
 1540575991  000008.2
 1540575992  000008.2
 1540575994  000008.0
 1540575995  000008.1
 1540575996  000008.2
 1540575997  000008.2
 1540575999  000008.2
 1540576000  000008.1
 1540576001  000008.2
 1540576003  000008.1
 1540576004  000008.1
 1540576005  000008.1
 1540576006  000008.2
 1540576008  000008.2
 1540576009  000008.0
 1540576010  000008.2
 1540576011  000008.2
 1540576013  000008.1
 1540576014  000007.9
 1540576015  000008.0
 1540576017  000008.1
 1540576018  000008.0
 1540576019  000008.1
 1540576020  000008.1
 1540576022  000008.2
 1540576023  000008.0
 1540576024  000008.0
 1540576026  000008.1
 1540576027  000008.1
 1540576028  000008.2
 1540576029  000008.1
 1540576031  000008.2
 1540576032  000008.1
 1540576033  000008.0
 1540576034  000008.1
 1540576036  000007.9
 1540576037  000008.1
 1540576038  000008.2
 1540576040  000008.1
 1540576041  000008.0
 1540576042  000008.0
 1540576043  000008.3
 1540576045  000008.1
 1540576046  000008.1
 1540576047  000008.3
 1540576048  000008.0
 1540576050  000008.1
 1540576051  000008.2
 1540576052  000008.1
 1540576054  000008.1
 1540576055  000008.2
 1540576056  000008.3
 1540576057  000008.2
 1540576059  000008.1
 1540576060  000008.0
 1540576061  000008.1
 1540576062  000008.1
 1540576064  000008.1
 1540576065  000008.0
 1540576066  000008.0
 1540576068  000008.3
 1540576069  000008.1
 1540576070  000008.0
 1540576071  000008.2
 1540576073  000008.0
 1540576074  000008.1
 1540576075  000008.2
 1540576076  000008.1
 1540576078  000008.0
 1540576079  000008.0
 1540576080  000008.0
 1540576082  000008.2
 1540576083  000008.1
 1540576084  000008.2
 1540576085  000008.0
 1540576087  000008.1
 1540576088  000008.1
 1540576089  000008.2
 1540576091  000008.2
 1540576092  000008.2
 1540576093  000008.1
 1540576094  000008.2
 1540576096  000008.2
 1540576097  000008.1
 1540576098  000008.0
 1540576099  000008.2
 1540576101  000008.1
 1540576102  000008.0
 1540576103  000008.1
 1540576105  000008.2
 1540576106  000008.2
 1540576107  000008.1
 1540576108  000008.2
 1540576110  000008.2
 1540576111  000008.2
 1540576112  000008.1
 1540576113  000008.1
 1540576115  000008.3
 1540576116  000008.2
 1540576117  000007.9
 1540576119  000008.0
 1540576120  000008.3
 1540576121  000008.1
 1540576122  000008.3
 1540576124  000008.2
 1540576125  000008.2
 1540576126  000008.1
 1540576127  000008.3
 1540576129  000008.2
 1540576130  000008.1
 1540576131  000008.1
 1540576133  000008.0
 1540576134  000008.1
 1540576135  000008.2
 1540576136  000008.1
 1540576138  000008.1
 1540576139  000008.0
 1540576140  000008.2
 1540576142  000008.2
 1540576143  000008.2
 1540576144  000008.1
 1540576145  000008.3
 1540576147  000008.1
 1540576148  000008.1
 1540576149  000008.1
 1540576150  000008.2
 1540576152  000007.9
 1540576153  000008.0
 1540576154  000008.0
 1540576156  000008.1
 1540576157  000008.2
 1540576158  000008.1
 1540576159  000008.1
 1540576161  000008.1
 1540576162  000008.2
 1540576163  000008.2
 1540576164  000008.0
 1540576166  000008.3
 1540576167  000008.1
 1540576168  000008.0
 1540576170  000008.2
 1540576171  000008.1
 1540576172  000008.1
 1540576173  000008.2
 1540576175  000008.2
 1540576176  000008.0
 1540576177  000008.0
 1540576178  000008.1
 1540576180  000008.0
 1540576181  000008.1
 1540576182  000008.0
 1540576184  000008.2
 1540576185  000008.2
 1540576186  000008.2
 1540576187  000008.0
 1540576189  000008.0
 1540576190  000008.2
 1540576191  000008.0
 1540576193  000008.1
 1540576194  000008.2
 1540576195  000008.1
 1540576196  000008.2
 1540576198  000008.2
 1540576199  000008.3
 1540576200  000008.1
 1540576201  000008.2
 1540576203  000007.9
 1540576204  000008.0
 1540576205  000008.1
 1540576207  000008.2
 1540576208  000008.3
 1540576209  000008.1
 1540576210  000008.1
 1540576212  000008.2
 1540576213  000008.1
 1540576214  000008.1
 1540576215  000008.1
 1540576217  000008.0
 1540576218  000008.1
 1540576219  000007.9
 1540576221  000008.1
 1540576222  000008.2
 1540576223  000008.1
 1540576224  000008.1
 1540576226  000008.0
 1540576227  000008.1
 1540576228  000008.1
 1540576229  000008.4
 1540576231  000008.1
 1540576232  000008.1
 1540576233  000008.1
 1540576235  000008.2
 1540576236  000008.1
 1540576237  000008.1
 1540576238  000008.1
 1540576240  000008.1
 1540576241  000007.9
 1540576242  000008.0
 1540576244  000008.1
 1540576245  000008.0
 1540576246  000008.2
 1540576247  000008.3
 1540576249  000008.0
 1540576250  000008.2
 1540576251  000008.0
 1540576252  000008.1
 1540576254  000008.2
 1540576255  000008.3
 1540576256  000008.1
 1540576258  000008.1
 1540576259  000008.2
 1540576260  000008.1
 1540576261  000008.2
 1540576263  000008.0
 1540576264  000008.1
 1540576265  000008.0
 1540576266  000008.0
 1540576268  000008.1
 1540576269  000008.2
 1540576270  000008.2
 1540576272  000008.2
 1540576273  000008.1
 1540576274  000008.0
 1540576275  000008.2
 1540576277  000008.2
 1540576278  000008.1
 1540576279  000008.0
 1540576280  000008.1
 1540576282  000008.2
 1540576283  000008.1
 1540576284  000008.0
 1540576286  000008.2
 1540576287  000007.9
 1540576288  000008.1
 1540576289  000008.2
 1540576291  000008.1
 1540576292  000008.1
 1540576293  000008.1
 1540576295  000007.9
 1540576296  000008.2
 1540576297  000008.3
 1540576298  000008.1
 1540576300  000008.2
 1540576301  000008.1
 1540576302  000007.9
 1540576303  000008.1
 1540576305  000008.1
 1540576306  000008.1
 1540576307  000008.0
 1540576309  000008.1
 1540576310  000008.0
 1540576311  000008.0
 1540576312  000008.1
 1540576314  000008.1
 1540576315  000008.2
 1540576316  000008.1
 1540576317  000008.1
 1540576319  000008.1
 1540576320  000008.1
 1540576321  000008.2
 1540576323  000008.3
 1540576324  000008.2
 1540576325  000007.9
 1540576326  000008.1
 1540576328  000008.0
 1540576329  000008.1
 1540576330  000008.3
 1540576331  000008.0
 1540576333  000008.1
 1540576334  000008.1
 1540576335  000008.1
 1540576337  000008.3
 1540576338  000008.2
 1540576339  000008.3
 1540576340  000008.2
 1540576342  000008.0
 1540576343  000008.1
 1540576344  000008.2
 1540576345  000008.1
 1540576347  000008.1
 1540576348  000008.1
 1540576349  000008.1
 1540576351  000008.1
 1540576352  000008.1
 1540576353  000008.2
 1540576354  000008.1
 1540576356  000008.0
 1540576357  000008.0
 1540576358  000008.1
 1540576360  000008.2
 1540576361  000008.0
 1540576362  000008.1
 1540576363  000007.9
 1540576365  000008.0
 1540576366  000008.3
 1540576367  000008.1
 1540576368  000008.2
 1540576370  000008.1
 1540576371  000008.1
 1540576372  000008.3
 1540576374  000008.0
 1540576375  000008.1
 1540576376  000008.2
 1540576377  000008.2
 1540576379  000008.1
 1540576380  000008.3
 1540576381  000008.3
 1540576382  000008.2
 1540576384  000008.0
 1540576385  000008.1
 1540576386  000008.0
 1540576388  000008.1
 1540576389  000008.2
 1540576390  000008.2
 1540576391  000008.0
 1540576393  000008.2
 1540576394  000008.2
 1540576395  000008.4
 1540576396  000008.0
 1540576398  000008.2
 1540576399  000008.0
 1540576400  000008.2
 1540576402  000008.2
 1540576403  000008.0
 1540576404  000008.1
 1540576405  000008.2
 1540576407  000008.1
 1540576408  000008.1
 1540576409  000008.1
 1540576410  000008.0
 1540576412  000008.2
 1540576413  000008.0
 1540576414  000008.0
 1540576416  000008.1
 1540576417  000008.2
 1540576418  000008.1
 1540576419  000008.0
 1540576421  000008.1
 1540576422  000008.2
 1540576423  000008.2
 1540576425  000008.1
 1540576426  000008.1
 1540576427  000008.0
 1540576428  000008.2
 1540576430  000008.0
 1540576431  000008.3
 1540576432  000007.9
 1540576433  000007.9
 1540576435  000008.0
 1540576436  000008.0
 1540576437  000008.1
 1540576439  000008.0
 1540576440  000008.1
 1540576441  000008.0
 1540576442  000008.1
 1540576444  000008.2
 1540576445  000008.1
 1540576446  000008.2
 1540576447  000007.9
 1540576449  000008.2
 1540576450  000008.0
 1540576451  000008.1
 1540576453  000008.1
 1540576454  000008.3
 1540576455  000008.2
 1540576456  000008.2
 1540576458  000008.3
 1540576459  000008.3
 1540576460  000008.3
 1540576461  000008.3
 1540576463  000008.0
 1540576464  000007.9
 1540576465  000008.3
 1540576467  000008.0
 1540576468  000008.1
 1540576469  000008.0
 1540576470  000008.1
 1540576472  000008.2
 1540576473  000008.1
 1540576474  000008.3
 1540576475  000008.3
 1540576477  000008.2
 1540576478  000008.1
 1540576479  000007.9
 1540576481  000008.1
 1540576482  000008.3
 1540576483  000008.1
 1540576484  000008.1
 1540576486  000008.1
 1540576487  000008.1
 1540576488  000008.2
 1540576490  000008.3
 1540576491  000008.2
 1540576492  000008.2
 1540576493  000008.2
 1540576495  000008.0
 1540576496  000008.1
 1540576497  000008.2
 1540576498  000008.1
 1540576500  000008.2
 1540576501  000008.2
 1540576502  000008.1
 1540576504  000008.3
 1540576505  000008.1
 1540576506  000008.1
 1540576507  000008.1
 1540576509  000008.1
 1540576510  000008.2
 1540576511  000008.0
 1540576512  000008.2
 1540576514  000008.0
 1540576515  000008.1
 1540576516  000008.2
 1540576518  000008.2
 1540576519  000008.0
 1540576520  000008.1
 1540576521  000008.2
 1540576523  000008.3
 1540576524  000008.1
 1540576525  000008.0
 1540576526  000007.9
 1540576528  000008.3
 1540576529  000008.2
 1540576530  000008.1
 1540576532  000008.1
 1540576533  000008.1
 1540576534  000007.9
 1540576535  000008.1
 1540576537  000008.3
 1540576538  000008.0
 1540576539  000008.2
 1540576540  000008.0
 1540576542  000008.1
 1540576543  000008.1
 1540576544  000007.9
 1540576546  000008.2
 1540576547  000008.2
 1540576548  000008.0
 1540576549  000008.1
 1540576551  000008.2
 1540576552  000008.2
 1540576553  000008.2
 1540576555  000008.2
 1540576556  000008.2
 1540576557  000008.1
 1540576558  000008.1
 1540576560  000007.9
 1540576561  000008.1
 1540576562  000008.0
 1540576563  000008.1
 1540576565  000008.2
 1540576566  000008.2
 1540576567  000008.1
 1540576569  000008.0
 1540576570  000008.3
 1540576571  000008.2
 1540576572  000008.0
 1540576574  000008.1
 1540576575  000007.8
 1540576576  000008.2
 1540576577  000008.2
 1540576579  000008.2
 1540576580  000008.2
 1540576581  000008.3
 1540576583  000008.3
 1540576584  000008.3
 1540576585  000008.1
 1540576586  000008.1
 1540576588  000008.1
 1540576589  000008.3
 1540576590  000008.1
 1540576591  000008.1
 1540576593  000007.9
 1540576594  000008.2
 1540576595  000008.1
 1540576597  000008.2
 1540576598  000008.0
 1540576599  000008.1
 1540576600  000008.3
 1540576602  000008.1
 1540576603  000008.2
 1540576604  000008.1
 1540576606  000008.1
 1540576607  000008.1
 1540576608  000008.1
 1540576609  000008.2
 1540576611  000008.2
 1540576612  000008.1
 1540576613  000007.9
 1540576614  000007.9
 1540576616  000008.2
 1540576617  000008.1
 1540576618  000008.1
 1540576620  000008.2
 1540576621  000008.3
 1540576622  000008.3
 1540576623  000008.1
 1540576625  000008.2
 1540576626  000008.2
 1540576627  000008.0
 1540576628  000008.0
 1540576630  000008.1
 1540576631  000008.3
 1540576632  000008.2
 1540576634  000008.1
 1540576635  000008.3
 1540576636  000008.1
 1540576637  000008.1
 1540576639  000008.0
 1540576640  000008.2
 1540576641  000008.3
 1540576642  000008.1
 1540576644  000008.0
 1540576645  000008.2
 1540576646  000008.0
 1540576648  000008.1
 1540576649  000008.0
 1540576650  000008.1
 1540576651  000008.1
 1540576653  000008.3
 1540576654  000008.1
 1540576655  000008.1
 1540576656  000007.9
 1540576658  000007.9
 1540576659  000008.1
 1540576660  000008.2
 1540576662  000008.1
 1540576663  000008.2
 1540576664  000008.1
 1540576665  000008.2
 1540576667  000008.1
 1540576668  000008.0
 1540576669  000008.0
 1540576671  000008.2
 1540576672  000008.1
 1540576673  000008.2
 1540576674  000008.1
 1540576676  000008.1
 1540576677  000008.0
 1540576678  000008.3
 1540576679  000008.3
 1540576681  000008.1
 1540576682  000008.2
 1540576683  000008.3
 1540576685  000008.2
 1540576686  000008.1
 1540576687  000008.0
 1540576688  000008.3
 1540576690  000007.9
 1540576691  000008.3
 1540576692  000008.3
 1540576693  000008.2
 1540576695  000008.1
 1540576696  000008.3
 1540576697  000008.1
 1540576699  000008.1
 1540576700  000008.1
 1540576701  000008.3
 1540576702  000008.2
 1540576704  000008.2
 1540576705  000008.0
 1540576706  000008.0
 1540576707  000008.1
 1540576709  000008.3
 1540576710  000008.0
 1540576711  000008.0
 1540576713  000008.0
 1540576714  000008.1
 1540576715  000008.2
 1540576716  000008.2
 1540576718  000008.1
 1540576719  000008.0
 1540576720  000008.1
 1540576722  000008.3
 1540576723  000008.0
 1540576724  000008.3
 1540576725  000008.2
 1540576727  000008.1
 1540576728  000008.1
 1540576729  000008.1
 1540576730  000008.0
 1540576732  000008.1
 1540576733  000008.1
 1540576734  000008.3
 1540576736  000008.2
 1540576737  000008.2
 1540576738  000008.1
 1540576739  000008.2
 1540576741  000008.1
 1540576742  000008.1
 1540576743  000008.2
 1540576744  000008.2
 1540576746  000008.1
 1540576747  000007.9
 1540576748  000008.1
 1540576750  000008.2
 1540576751  000008.2
 1540576752  000008.2
 1540576753  000008.1
 1540576755  000008.3
 1540576756  000008.2
 1540576757  000008.0
 1540576758  000008.2
 1540576760  000008.2
 1540576761  000008.2
 1540576762  000008.1
 1540576764  000008.1
 1540576765  000008.2
 1540576766  000008.2
 1540576767  000008.0
 1540576769  000008.2
 1540576770  000008.0
 1540576771  000008.0
 1540576772  000008.1
 1540576774  000008.1
 1540576775  000008.1
 1540576776  000008.0
 1540576778  000008.1
 1540576779  000008.1
 1540576780  000008.2
 1540576781  000007.9
 1540576783  000008.1
 1540576784  000008.3
 1540576785  000008.3
 1540576787  000008.0
 1540576788  000008.0
 1540576789  000008.1
 1540576790  000008.2
 1540576792  000008.4
 1540576793  000008.2
 1540576794  000008.1
 1540576795  000008.0
 1540576797  000008.1
 1540576798  000007.9
 1540576799  000007.9
 1540576801  000008.1
 1540576802  000008.1
 1540576803  000008.1
 1540576804  000008.3
 1540576806  000008.2
 1540576807  000008.2
 1540576808  000008.2
 1540576809  000008.1
 1540576811  000008.1
 1540576812  000008.0
 1540576813  000008.0
 1540576815  000008.0
 1540576816  000008.1
 1540576817  000008.1
 1540576818  000008.1
 1540576820  000008.1
 1540576821  000007.9
 1540576822  000008.0
 1540576823  000008.0
 1540576825  000008.1
 1540576826  000008.1
 1540576827  000008.2
 1540576829  000008.0
 1540576830  000008.0
 1540576831  000008.4
 1540576832  000008.0
 1540576834  000008.0
 1540576835  000008.1
 1540576836  000008.2
 1540576837  000008.2
 1540576839  000008.2
 1540576840  000008.1
 1540576841  000008.2
 1540576843  000008.2
 1540576844  000008.1
 1540576845  000008.3
 1540576846  000008.0
 1540576848  000008.3
 1540576849  000008.0
 1540576850  000008.1
 1540576851  000008.1
 1540576853  000008.0
 1540576854  000008.1
 1540576855  000008.2
 1540576857  000008.2
 1540576858  000008.1
 1540576859  000008.0
 1540576860  000008.1
 1540576862  000008.1
 1540576863  000007.9
 1540576864  000007.9
 1540576866  000008.3
 1540576867  000007.9
 1540576868  000007.9
 1540576869  000008.1
 1540576871  000008.2
 1540576872  000008.1
 1540576873  000008.0
 1540576874  000007.9
 1540576876  000008.1
 1540576877  000008.0
 1540576878  000008.1
 1540576880  000008.0
 1540576881  000008.0
 1540576882  000008.0
 1540576883  000007.7
 1540576885  000007.9
 1540576886  000008.0
 1540576887  000008.0
 1540576888  000008.0
 1540576890  000008.0
 1540576891  000007.9
 1540576892  000008.2
 1540576894  000008.0
 1540576895  000008.1
 1540576896  000007.9
 1540576897  000008.0
 1540576899  000007.9
 1540576900  000008.1
 1540576901  000008.0
 1540576902  000008.0
 1540576904  000008.0
 1540576905  000007.8
 1540576906  000008.1
 1540576908  000007.8
 1540576909  000008.1
 1540576910  000008.0
 1540576911  000008.2
 1540576913  000008.2
 1540576914  000008.2
 1540576915  000008.0
 1540576916  000007.9
 1540576918  000007.8
 1540576919  000008.1
 1540576920  000008.0
 1540576922  000007.8
 1540576923  000007.9
 1540576924  000008.1
 1540576925  000008.0
 1540576927  000007.9
 1540576928  000008.1
 1540576929  000008.0
 1540576930  000008.1
 1540576932  000008.1
 1540576933  000008.0
 1540576934  000008.1
 1540576936  000007.9
 1540576937  000007.9
 1540576938  000008.2
 1540576939  000008.0
 1540576941  000008.1
 1540576942  000008.0
 1540576943  000008.1
 1540576945  000008.1
 1540576946  000008.0
 1540576947  000008.2
 1540576948  000008.0
 1540576950  000008.1
 1540576951  000008.2
 1540576952  000008.0
 1540576953  000008.1
 1540576955  000008.1
 1540576956  000008.1
 1540576957  000008.0
 1540576959  000008.0
 1540576960  000008.1
 1540576961  000008.1
 1540576962  000008.1
 1540576964  000008.0
 1540576965  000008.0
 1540576966  000008.0
 1540576967  000008.2
 1540576969  000007.9
 1540576970  000008.2
 1540576971  000007.9
 1540576973  000008.1
 1540576974  000008.0
 1540576975  000008.1
 1540576976  000008.0
 1540576978  000008.0
 1540576979  000008.2
 1540576980  000008.2
 1540576981  000008.3
 1540576983  000008.1
 1540576984  000008.0
 1540576985  000008.2
 1540576987  000008.0
 1540576988  000008.0
 1540576989  000007.8
 1540576990  000008.1
 1540576992  000008.1
 1540576993  000008.2
 1540576994  000008.1
 1540576995  000008.1
 1540576997  000008.1
 1540576998  000008.1
 1540576999  000008.1
 1540577001  000008.1
 1540577002  000008.3
 1540577003  000008.0
 1540577004  000008.2
 1540577006  000007.9
 1540577007  000008.0
 1540577008  000008.1
 1540577010  000008.3
 1540577011  000008.1
 1540577012  000008.2
 1540577013  000008.1
 1540577015  000008.0
 1540577016  000008.2
 1540577017  000008.1
 1540577018  000007.7
 1540577020  000008.0
 1540577021  000008.0
 1540577022  000007.9
 1540577024  000007.9
 1540577025  000008.1
 1540577026  000008.1
 1540577027  000008.3
 1540577029  000008.1
 1540577030  000008.1
 1540577031  000008.0
 1540577032  000008.0
 1540577034  000008.0
 1540577035  000008.1
 1540577036  000008.1
 1540577038  000008.0
 1540577039  000008.3
 1540577040  000008.1
 1540577041  000008.1
 1540577043  000008.1
 1540577044  000008.2
 1540577045  000008.1
 1540577046  000008.1
 1540577048  000008.1
 1540577049  000008.1
 1540577050  000008.3
 1540577052  000008.2
 1540577053  000008.2
 1540577054  000008.0
 1540577055  000008.1
 1540577057  000008.1
 1540577058  000008.3
 1540577059  000008.2
 1540577060  000008.2
 1540577062  000008.2
 1540577063  000008.1
 1540577064  000008.2
 1540577066  000008.2
 1540577067  000008.1
 1540577068  000007.9
 1540577069  000008.2
 1540577071  000008.1
 1540577072  000008.2
 1540577073  000008.2
 1540577075  000008.1
 1540577076  000008.2
 1540577077  000008.4
 1540577078  000008.1
 1540577080  000008.1
 1540577081  000008.2
 1540577082  000008.3
 1540577083  000008.1
 1540577085  000008.3
 1540577086  000008.1
 1540577087  000008.0
 1540577089  000008.2
 1540577090  000008.1
 1540577091  000008.1
 1540577092  000008.0
 1540577094  000008.3
 1540577095  000007.9
 1540577096  000008.1
 1540577097  000008.1
 1540577099  000008.2
 1540577100  000008.1
 1540577101  000008.3
 1540577103  000008.0
 1540577104  000008.1
 1540577105  000007.9
 1540577106  000008.2
 1540577108  000008.1
 1540577109  000008.3
 1540577110  000008.1
 1540577111  000008.2
 1540577113  000008.1
 1540577114  000008.0
 1540577115  000008.2
 1540577117  000008.1
 1540577118  000008.1
 1540577119  000008.0
 1540577120  000008.0
 1540577122  000008.2
 1540577123  000008.2
 1540577124  000008.0
 1540577126  000008.0
 1540577127  000008.1
 1540577128  000008.0
 1540577129  000008.0
 1540577131  000008.1
 1540577132  000008.3
 1540577133  000008.1
 1540577134  000008.1
 1540577136  000008.2
 1540577137  000007.9
 1540577138  000008.2
 1540577140  000007.8
 1540577141  000007.9
 1540577142  000008.0
 1540577143  000007.9
 1540577145  000008.1
 1540577146  000007.8
 1540577147  000008.2
 1540577148  000008.2
 1540577150  000007.9
 1540577151  000008.1
 1540577152  000008.0
 1540577154  000008.0
 1540577155  000008.2
 1540577156  000008.1
 1540577157  000008.2
 1540577159  000008.2
 1540577160  000008.2
 1540577161  000008.1
 1540577162  000008.0
 1540577164  000008.0
 1540577165  000008.1
 1540577166  000007.9
 1540577168  000007.9
 1540577169  000008.0
 1540577170  000008.1
 1540577171  000008.2
 1540577173  000008.0
 1540577174  000008.2
 1540577175  000008.0
 1540577176  000008.1
 1540577178  000008.0
 1540577179  000008.0
 1540577180  000008.1
 1540577182  000008.1
 1540577183  000008.0
 1540577184  000008.1
 1540577185  000008.1
 1540577187  000008.1
 1540577188  000008.2
 1540577189  000008.1
 1540577191  000008.0
 1540577192  000008.0
 1540577193  000008.1
 1540577194  000008.0
 1540577196  000008.0
 1540577197  000008.2
 1540577198  000008.0
 1540577199  000008.1
 1540577201  000008.1
 1540577202  000008.2
 1540577203  000008.2
 1540577205  000008.2
 1540577206  000008.2
 1540577207  000007.9
 1540577208  000008.0
 1540577210  000008.0
 1540577211  000008.3
 1540577212  000008.2
 1540577213  000008.3
 1540577215  000008.2
 1540577216  000008.2
 1540577217  000008.0
 1540577219  000008.1
 1540577220  000008.2
 1540577221  000008.1
 1540577222  000008.1
 1540577224  000008.0
 1540577225  000008.2
 1540577226  000008.0
 1540577227  000008.1
 1540577229  000008.1
 1540577230  000008.2
 1540577231  000008.2
 1540577233  000008.0
 1540577234  000008.2
 1540577235  000008.1
 1540577236  000008.1
 1540577238  000008.0
 1540577239  000008.0
 1540577240  000008.2
 1540577242  000008.1
 1540577243  000008.0
 1540577244  000007.9
 1540577245  000008.0
 1540577247  000008.2
 1540577248  000008.2
 1540577249  000008.1
 1540577250  000008.1
 1540577252  000008.1
 1540577253  000008.2
 1540577254  000008.0
 1540577256  000007.9
 1540577257  000008.1
 1540577258  000008.2
 1540577259  000008.1
 1540577261  000008.2
 1540577262  000008.1
 1540577263  000008.1
 1540577264  000008.1
 1540577266  000008.3
 1540577267  000008.2
 1540577268  000008.1
 1540577270  000008.1
 1540577271  000008.3
 1540577272  000008.2
 1540577273  000008.1
 1540577275  000008.0
 1540577276  000008.1
 1540577277  000008.2
 1540577278  000008.1
 1540577280  000008.1
 1540577281  000008.1
 1540577282  000008.1
 1540577284  000008.0
 1540577285  000008.2
 1540577286  000008.3
 1540577287  000008.1
 1540577289  000008.1
 1540577290  000008.0
 1540577291  000008.2
 1540577293  000008.0
 1540577294  000008.1
 1540577295  000008.2
 1540577296  000008.0
 1540577298  000008.2
 1540577299  000008.2
 1540577300  000008.3
 1540577301  000008.0
 1540577303  000008.1
 1540577304  000008.2
 1540577305  000008.0
 1540577307  000008.1
 1540577308  000008.1
 1540577309  000008.1
 1540577310  000008.3
 1540577312  000008.2
 1540577313  000008.1
 1540577314  000008.2
 1540577315  000008.2
 1540577317  000008.1
 1540577318  000008.2
 1540577319  000008.2
 1540577321  000008.2
 1540577322  000008.0
 1540577323  000008.1
 1540577324  000008.1
 1540577326  000008.2
 1540577327  000008.0
 1540577328  000008.1
 1540577329  000008.0
 1540577331  000008.1
 1540577332  000008.3
 1540577333  000008.2
 1540577335  000008.3
 1540577336  000008.2
 1540577337  000008.0
 1540577338  000008.1
 1540577340  000008.1
 1540577341  000008.3
 1540577342  000008.2
 1540577344  000008.1
 1540577345  000008.1
 1540577346  000008.1
 1540577347  000008.0
 1540577349  000008.2
 1540577350  000008.1
 1540577351  000008.2
 1540577352  000008.1
 1540577354  000008.2
 1540577355  000008.1
 1540577356  000007.9
 1540577358  000008.0
 1540577359  000008.0
 1540577360  000008.0
 1540577361  000008.1
 1540577363  000008.3
 1540577364  000008.4
 1540577365  000008.2
 1540577366  000008.2
 1540577368  000008.1
 1540577369  000008.1
 1540577370  000008.1
 1540577372  000008.1
 1540577373  000008.1
 1540577374  000008.3
 1540577375  000008.3
 1540577377  000008.1
 1540577378  000008.2
 1540577379  000008.0
 1540577380  000008.2
 1540577382  000008.1
 1540577383  000008.0
 1540577384  000008.3
 1540577386  000008.1
 1540577387  000008.1
 1540577388  000008.2
 1540577389  000008.3
 1540577391  000008.4
 1540577392  000007.9
 1540577393  000008.0
 1540577395  000008.1
 1540577396  000008.0
 1540577397  000008.0
 1540577398  000008.0
 1540577400  000007.9
 1540577401  000008.4
 1540577402  000008.2
 1540577403  000008.2
 1540577405  000008.1
 1540577406  000008.2
 1540577407  000008.2
 1540577409  000008.1
 1540577410  000008.1
 1540577411  000008.2
 1540577412  000008.1
 1540577414  000008.1
 1540577415  000008.2
 1540577416  000008.2
 1540577417  000008.1
 1540577419  000007.9
 1540577420  000008.2
 1540577421  000008.1
 1540577423  000008.1
 1540577424  000008.2
 1540577425  000008.2
 1540577426  000008.2
 1540577428  000008.3
 1540577429  000008.2
 1540577430  000008.1
 1540577431  000008.2
 1540577433  000008.3
 1540577434  000008.1
 1540577435  000008.4
 1540577437  000008.2
 1540577438  000008.1
 1540577439  000008.1
 1540577440  000008.0
 1540577442  000008.2
 1540577443  000008.1
 1540577444  000008.1
 1540577445  000008.0
 1540577447  000008.2
 1540577448  000008.2
 1540577449  000008.1
 1540577451  000008.0
 1540577452  000008.2
 1540577453  000008.2
 1540577454  000008.0
 1540577456  000008.2
 1540577457  000008.1
 1540577458  000008.3
 1540577460  000008.1
 1540577461  000007.9
 1540577462  000008.1
 1540577463  000008.0
 1540577465  000008.2
 1540577466  000008.0
 1540577467  000008.1
 1540577468  000008.2
 1540577470  000008.1
 1540577471  000008.1
 1540577472  000008.1
 1540577474  000008.0
 1540577475  000008.3
 1540577476  000008.3
 1540577477  000008.1
 1540577479  000008.1
 1540577480  000008.1
 1540577481  000008.1
 1540577482  000008.1
 1540577484  000008.1
 1540577485  000008.1
 1540577486  000008.3
 1540577488  000008.1
 1540577489  000008.2
 1540577490  000008.1
 1540577491  000008.1
 1540577493  000008.1
 1540577494  000008.3
 1540577495  000008.1
 1540577496  000008.2
 1540577498  000008.1
 1540577499  000008.2
 1540577500  000008.1
 1540577502  000008.3
 1540577503  000008.0
 1540577504  000008.1
 1540577505  000008.1
 1540577507  000008.2
 1540577508  000008.1
 1540577509  000008.1
 1540577510  000008.1
 1540577512  000008.1
 1540577513  000008.1
 1540577514  000008.2
 1540577516  000008.0
 1540577517  000008.1
 1540577518  000008.3
 1540577519  000008.2
 1540577521  000008.0
 1540577522  000008.1
 1540577523  000008.2
 1540577525  000008.1
 1540577526  000008.2
 1540577527  000008.1
 1540577528  000008.0
 1540577530  000008.1
 1540577531  000008.3
 1540577532  000008.1
 1540577533  000008.1
 1540577535  000008.0
 1540577536  000008.0
 1540577537  000008.3
 1540577539  000008.2
 1540577540  000008.0
 1540577541  000008.0
 1540577542  000008.2
 1540577544  000008.3
 1540577545  000008.2
 1540577546  000008.0
 1540577547  000008.2
 1540577549  000008.2
 1540577550  000008.1
 1540577551  000008.3
 1540577553  000008.2
 1540577554  000008.4
 1540577555  000007.9
 1540577556  000008.3
 1540577558  000008.1
 1540577559  000008.2
 1540577560  000008.2
 1540577561  000008.0
 1540577563  000008.1
 1540577564  000008.2
 1540577565  000008.3
 1540577567  000008.1
 1540577568  000008.2
 1540577569  000008.0
 1540577570  000007.9
 1540577572  000008.3
 1540577573  000008.3
 1540577574  000008.2
 1540577575  000008.0
 1540577577  000008.1
 1540577578  000008.1
 1540577579  000008.2
 1540577581  000008.0
 1540577582  000008.2
 1540577583  000008.1
 1540577584  000008.2
 1540577586  000008.3
 1540577587  000008.0
 1540577588  000008.3
 1540577590  000008.1
 1540577591  000008.1
 1540577592  000008.1
 1540577593  000008.1
 1540577595  000008.1
 1540577596  000008.0
 1540577597  000008.0
 1540577598  000007.9
 1540577600  000008.0
 1540577601  000008.2
 1540577602  000008.2
 1540577604  000008.1
 1540577605  000008.1
 1540577606  000008.1
 1540577607  000008.2
 1540577609  000008.0
 1540577610  000008.0
 1540577611  000008.1
 1540577612  000008.0
 1540577614  000008.0
 1540577615  000008.0
 1540577616  000008.1
 1540577618  000008.0
 1540577619  000008.0
 1540577620  000008.0
 1540577621  000008.2
 1540577623  000008.1
 1540577624  000008.0
 1540577625  000008.1
 1540577626  000008.2
 1540577628  000008.2
 1540577629  000008.1
 1540577630  000008.2
 1540577632  000008.2
 1540577633  000008.3
 1540577634  000008.0
 1540577635  000008.1
 1540577637  000008.1
 1540577638  000007.9
 1540577639  000008.2
 1540577641  000008.2
 1540577642  000008.2
 1540577643  000008.1
 1540577644  000008.0
 1540577646  000008.3
 1540577647  000008.0
 1540577648  000008.2
 1540577649  000008.0
 1540577651  000008.1
 1540577652  000008.4
 1540577653  000008.0
 1540577655  000008.2
 1540577656  000008.1
 1540577657  000008.3
 1540577658  000008.3
 1540577660  000008.1
 1540577661  000008.0
 1540577662  000008.3
 1540577663  000008.2
 1540577665  000008.3
 1540577666  000008.1
 1540577667  000008.2
 1540577669  000008.0
 1540577670  000008.3
 1540577671  000008.1
 1540577672  000008.3
 1540577674  000008.2
 1540577675  000007.9
 1540577676  000008.2
 1540577677  000008.1
 1540577679  000008.1
 1540577680  000008.0
 1540577681  000008.1
 1540577683  000007.9
 1540577684  000008.2
 1540577685  000008.4
 1540577686  000008.2
 1540577688  000008.3
 1540577689  000008.2
 1540577690  000008.0
 1540577692  000008.2
 1540577693  000008.0
 1540577694  000008.2
 1540577695  000008.1
 1540577697  000008.3
 1540577698  000008.3
 1540577699  000008.0
 1540577700  000007.9
 1540577702  000008.2
 1540577703  000008.2
 1540577704  000008.1
 1540577706  000008.2
 1540577707  000008.3
 1540577708  000008.1
 1540577709  000008.1
 1540577711  000008.0
 1540577712  000008.1
 1540577713  000007.9
 1540577714  000008.2
 1540577716  000008.0
 1540577717  000008.3
 1540577718  000008.3
 1540577720  000008.2
 1540577721  000008.1
 1540577722  000008.0
 1540577723  000008.1
 1540577725  000008.1
 1540577726  000008.2
 1540577727  000008.2
 1540577728  000007.9
 1540577730  000008.1
 1540577731  000008.2
 1540577732  000008.0
 1540577734  000008.2
 1540577735  000008.2
 1540577736  000008.2
 1540577737  000008.2
 1540577739  000008.3
 1540577740  000008.2
 1540577741  000007.9
 1540577742  000008.0
 1540577744  000008.3
 1540577745  000008.1
 1540577746  000008.0
 1540577748  000008.1
 1540577749  000008.1
 1540577750  000008.2
 1540577751  000008.1
 1540577753  000008.0
 1540577754  000008.2
 1540577755  000008.1
 1540577757  000008.2
 1540577758  000008.1
 1540577759  000008.2
 1540577760  000008.1
 1540577762  000008.2
 1540577763  000008.1
 1540577764  000008.3
 1540577765  000008.1
 1540577767  000008.1
 1540577768  000008.1
 1540577769  000008.2
 1540577771  000008.1
 1540577772  000008.0
 1540577773  000008.3
 1540577774  000008.1
 1540577776  000008.1
 1540577777  000008.1
 1540577778  000008.1
 1540577779  000008.4
 1540577781  000008.1
 1540577782  000008.2
 1540577783  000008.1
 1540577785  000008.1
 1540577786  000008.1
 1540577787  000008.3
 1540577788  000008.0
 1540577790  000008.3
 1540577791  000007.9
 1540577792  000008.4
 1540577793  000007.9
 1540577795  000008.1
 1540577796  000008.2
 1540577797  000008.1
 1540577799  000008.1
 1540577800  000008.0
 1540577801  000008.0
 1540577802  000008.3
 1540577804  000008.2
 1540577805  000008.1
 1540577806  000008.1
 1540577807  000008.2
 1540577809  000008.2
 1540577810  000008.1
 1540577811  000008.3
 1540577813  000008.1
 1540577814  000008.2
 1540577815  000008.2
 1540577816  000008.0
 1540577818  000008.1
 1540577819  000008.2
 1540577820  000008.2
 1540577822  000008.1
 1540577823  000007.9
 1540577824  000008.1
 1540577825  000008.1
 1540577827  000008.2
 1540577828  000008.2
 1540577829  000008.2
 1540577830  000008.2
 1540577832  000008.2
 1540577833  000008.1
 1540577834  000008.1
 1540577836  000008.3
 1540577837  000008.1
 1540577838  000008.1
 1540577839  000008.2
 1540577841  000008.2
 1540577842  000008.2
 1540577843  000008.1
 1540577844  000008.2
 1540577846  000008.3
 1540577847  000008.1
 1540577848  000008.2
 1540577850  000008.2
 1540577851  000008.2
 1540577852  000008.2
 1540577853  000008.3
 1540577855  000008.0
 1540577856  000008.1
 1540577857  000008.0
 1540577858  000008.1
 1540577860  000008.0
 1540577861  000008.0
 1540577862  000008.1
 1540577864  000008.0
 1540577865  000008.3
 1540577866  000008.0
 1540577867  000008.2
 1540577869  000008.1
 1540577870  000008.0
 1540577871  000008.2
 1540577872  000008.2
 1540577874  000008.0
 1540577875  000008.1
 1540577876  000008.0
 1540577878  000008.2
 1540577879  000008.1
 1540577880  000008.1
 1540577881  000008.2
 1540577883  000008.1
 1540577884  000008.2
 1540577885  000008.3
 1540577887  000008.3
 1540577888  000008.0
 1540577889  000008.1
 1540577890  000008.2
 1540577892  000008.1
 1540577893  000008.0
 1540577894  000008.2
 1540577895  000008.0
 1540577897  000008.1
 1540577898  000008.0
 1540577899  000008.1
 1540577901  000008.1
 1540577902  000008.0
 1540577903  000008.1
 1540577904  000008.2
 1540577906  000008.0
 1540577907  000008.1
 1540577908  000008.1
 1540577909  000008.1
 1540577911  000008.1
 1540577912  000008.3
 1540577913  000008.3
 1540577915  000008.1
 1540577916  000008.1
 1540577917  000008.2
 1540577918  000008.1
 1540577920  000008.1
 1540577921  000008.2
 1540577922  000008.2
 1540577923  000008.2
 1540577925  000008.1
 1540577926  000008.2
 1540577927  000008.1
 1540577929  000008.2
 1540577930  000008.1
 1540577931  000008.2
 1540577932  000008.3
 1540577934  000008.1
 1540577935  000008.1
 1540577936  000008.0
 1540577937  000008.3
 1540577939  000008.2
 1540577940  000008.1
 1540577941  000008.0
 1540577943  000008.1
 1540577944  000008.0
 1540577945  000008.0
 1540577946  000008.1
 1540577948  000008.4
 1540577949  000008.1
 1540577950  000008.2
 1540577952  000008.2
 1540577953  000008.0
 1540577954  000008.1
 1540577955  000008.3
 1540577957  000008.1
 1540577958  000008.2
 1540577959  000008.3
 1540577960  000008.1
 1540577962  000008.2
 1540577963  000008.0
 1540577964  000008.3
 1540577966  000008.1
 1540577967  000008.0
 1540577968  000008.2
 1540577969  000008.1
 1540577971  000008.2
 1540577972  000008.1
 1540577973  000008.1
 1540577974  000008.2
 1540577976  000008.2
 1540577977  000008.3
 1540577978  000008.2
 1540577980  000008.1
 1540577981  000008.0
 1540577982  000008.2
 1540577983  000008.1
 1540577985  000008.0
 1540577986  000008.1
 1540577987  000008.0
 1540577988  000008.1
 1540577990  000008.2
 1540577991  000008.3
 1540577992  000008.1
 1540577994  000008.1
 1540577995  000008.3
 1540577996  000008.1
 1540577997  000008.0
 1540577999  000008.1
 1540578000  000008.2
 1540578001  000008.1
 1540578002  000008.2
 1540578004  000008.2
 1540578005  000008.0
 1540578006  000008.2
 1540578008  000008.3
 1540578009  000008.2
 1540578010  000008.2
 1540578011  000008.1
 1540578013  000008.1
 1540578014  000008.0
 1540578015  000008.2
 1540578017  000008.1
 1540578018  000008.1
 1540578019  000008.1
 1540578020  000008.1
 1540578022  000008.0
 1540578023  000008.2
 1540578024  000008.1
 1540578025  000008.3
 1540578027  000008.3
 1540578028  000008.0
 1540578029  000008.2
 1540578031  000008.0
 1540578032  000008.1
 1540578033  000008.3
 1540578034  000008.0
 1540578036  000008.1
 1540578037  000008.2
 1540578038  000008.0
 1540578039  000008.1
 1540578041  000007.9
 1540578042  000008.1
 1540578043  000008.2
 1540578045  000008.1
 1540578046  000008.4
 1540578047  000008.1
 1540578048  000008.2
 1540578050  000008.2
 1540578051  000008.0
 1540578052  000008.3
 1540578053  000008.1
 1540578055  000008.0
 1540578056  000008.1
 1540578057  000008.2
 1540578059  000008.0
 1540578060  000008.1
 1540578061  000008.1
 1540578062  000008.1
 1540578064  000008.1
 1540578065  000008.1
 1540578066  000008.3
 1540578067  000008.2
 1540578069  000008.1
 1540578070  000008.1
 1540578071  000008.2
 1540578073  000008.2
 1540578074  000007.9
 1540578075  000008.1
 1540578076  000008.1
 1540578078  000008.0
 1540578079  000008.2
 1540578080  000008.1
 1540578082  000008.1
 1540578083  000008.3
 1540578084  000008.1
 1540578085  000008.1
 1540578087  000007.9
 1540578088  000008.1
 1540578089  000008.0
 1540578090  000008.2
 1540578092  000008.0
 1540578093  000008.3
 1540578094  000008.1
 1540578096  000008.2
 1540578097  000008.2
 1540578098  000008.2
 1540578099  000008.2
 1540578101  000008.0
 1540578102  000008.0
 1540578103  000008.3
 1540578104  000008.2
 1540578106  000008.0
 1540578107  000008.0
 1540578108  000008.0
 1540578110  000008.1
 1540578111  000008.2
 1540578112  000008.2
 1540578113  000008.1
 1540578115  000008.1
 1540578116  000008.3
 1540578117  000008.2
 1540578118  000008.2
 1540578120  000008.2
 1540578121  000008.2
 1540578122  000008.2
 1540578124  000008.3
 1540578125  000008.1
 1540578126  000008.0
 1540578127  000008.2
 1540578129  000008.2
 1540578130  000008.6
 1540578131  000008.2
 1540578132  000008.1
 1540578134  000008.0
 1540578135  000008.1
 1540578136  000008.1
 1540578138  000008.0
 1540578139  000008.2
 1540578140  000008.2
 1540578141  000008.2
 1540578143  000008.1
 1540578144  000008.1
 1540578145  000008.2
 1540578147  000008.2
 1540578148  000008.3
 1540578149  000008.1
 1540578150  000008.1
 1540578152  000008.0
 1540578153  000007.9
 1540578154  000008.2
 1540578155  000008.1
 1540578157  000008.2
 1540578158  000008.3
 1540578159  000008.2
 1540578161  000008.2
 1540578162  000008.1
 1540578163  000008.1
 1540578164  000008.0
 1540578166  000008.0
 1540578167  000008.1
 1540578168  000008.2
 1540578169  000008.1
 1540578171  000008.1
 1540578172  000008.1
 1540578173  000008.1
 1540578175  000008.1
 1540578176  000008.1
 1540578177  000007.9
 1540578178  000008.2
 1540578180  000008.3
 1540578181  000008.2
 1540578182  000008.2
 1540578183  000008.1
 1540578185  000008.1
 1540578186  000008.0
 1540578187  000008.2
 1540578189  000008.4
 1540578190  000008.0
 1540578191  000008.2
 1540578192  000008.2
 1540578194  000008.1
 1540578195  000008.2
 1540578196  000008.2
 1540578197  000008.0
 1540578199  000008.1
 1540578200  000008.1
 1540578201  000008.2
 1540578203  000008.1
 1540578204  000008.1
 1540578205  000008.0
 1540578206  000008.1
 1540578208  000008.1
 1540578209  000008.1
 1540578210  000007.8
 1540578212  000008.3
 1540578213  000008.2
 1540578214  000008.1
 1540578215  000008.2
 1540578217  000008.1
 1540578218  000008.1
 1540578219  000008.3
 1540578220  000008.1
 1540578222  000008.2
 1540578223  000007.9
 1540578224  000008.3
 1540578226  000008.2
 1540578227  000008.2
 1540578228  000008.3
 1540578229  000008.3
 1540578231  000008.2
 1540578232  000008.0
 1540578233  000008.1
 1540578234  000008.3
 1540578236  000008.2
 1540578237  000008.3
 1540578238  000008.1
 1540578240  000008.0
 1540578241  000008.1
 1540578242  000008.1
 1540578243  000008.2
 1540578245  000008.1
 1540578246  000007.9
 1540578247  000008.0
 1540578248  000007.9
 1540578250  000008.1
 1540578251  000008.2
 1540578252  000008.2
 1540578254  000008.0
 1540578255  000008.0
 1540578256  000008.3
 1540578257  000008.1
 1540578259  000008.0
 1540578260  000008.2
 1540578261  000008.0
 1540578263  000008.2
 1540578264  000008.2
 1540578265  000008.1
 1540578266  000008.2
 1540578268  000008.1
 1540578269  000008.3
 1540578270  000008.0
 1540578271  000008.2
 1540578273  000008.1
 1540578274  000008.1
 1540578275  000007.8
 1540578277  000008.0
 1540578278  000008.2
 1540578279  000008.2
 1540578280  000008.2
 1540578282  000008.2
 1540578283  000008.1
 1540578284  000008.0
 1540578285  000008.2
 1540578287  000008.3
 1540578288  000008.1
 1540578289  000008.2
 1540578291  000008.0
 1540578292  000008.1
 1540578293  000008.0
 1540578294  000008.2
 1540578296  000008.2
 1540578297  000008.2
 1540578298  000008.2
 1540578299  000008.4
 1540578301  000008.1
 1540578302  000008.2
 1540578303  000008.2
 1540578305  000008.2
 1540578306  000008.3
 1540578307  000008.2
 1540578308  000008.2
 1540578310  000008.2
 1540578311  000008.4
 1540578312  000008.1
 1540578314  000008.2
 1540578315  000008.1
 1540578316  000008.1
 1540578317  000008.2
 1540578319  000008.1
 1540578320  000007.9
 1540578321  000008.1
 1540578322  000008.1
 1540578324  000008.4
 1540578325  000008.2
 1540578326  000008.1
 1540578328  000008.1
 1540578329  000008.1
 1540578330  000008.3
 1540578331  000008.0
 1540578333  000008.2
 1540578334  000008.3
 1540578335  000008.1
 1540578336  000008.1
 1540578338  000008.1
 1540578339  000008.2
 1540578340  000008.0
 1540578342  000008.1
 1540578343  000008.3
 1540578344  000008.1
 1540578345  000008.3
 1540578347  000008.1
 1540578348  000008.0
 1540578349  000008.3
 1540578350  000008.3
 1540578352  000008.0
 1540578353  000008.2
 1540578354  000008.2
 1540578356  000008.2
 1540578357  000008.2
 1540578358  000008.1
 1540578359  000008.1
 1540578361  000008.2
 1540578362  000008.2
 1540578363  000008.2
 1540578365  000008.2
 1540578366  000008.2
 1540578367  000008.2
 1540578368  000008.3
 1540578370  000008.3
 1540578371  000008.2
 1540578372  000008.1
 1540578373  000008.3
 1540578375  000008.1
 1540578376  000008.2
 1540578377  000008.3
 1540578379  000008.3
 1540578380  000008.1
 1540578381  000007.9
 1540578382  000008.1
 1540578384  000008.2
 1540578385  000008.0
 1540578386  000008.0
 1540578387  000008.1
 1540578389  000008.1
 1540578390  000008.0
 1540578391  000008.3
 1540578393  000008.1
 1540578394  000008.1
 1540578395  000008.2
 1540578396  000008.2
 1540578398  000008.3
 1540578399  000008.2
 1540578400  000008.1
 1540578401  000008.1
 1540578403  000008.0
 1540578404  000008.1
 1540578405  000008.0
 1540578407  000008.1
 1540578408  000008.2
 1540578409  000008.2
 1540578410  000008.1
 1540578412  000008.2
 1540578413  000008.1
 1540578414  000008.1
 1540578415  000008.1
 1540578417  000008.0
 1540578418  000008.1
 1540578419  000008.1
 1540578421  000008.1
 1540578422  000008.2
 1540578423  000008.1
 1540578424  000008.2
 1540578426  000008.0
 1540578427  000008.1
 1540578428  000008.3
 1540578430  000008.1
 1540578431  000008.0
 1540578432  000008.1
 1540578433  000008.2
 1540578435  000007.9
 1540578436  000008.2
 1540578437  000008.1
 1540578438  000008.1
 1540578440  000008.2
 1540578441  000008.1
 1540578442  000008.2
 1540578444  000008.1
 1540578445  000008.1
 1540578446  000008.0
 1540578447  000008.4
 1540578449  000008.2
 1540578450  000008.3
 1540578451  000008.2
 1540578452  000008.2
 1540578454  000008.2
 1540578455  000008.2
 1540578456  000008.3
 1540578458  000008.2
 1540578459  000008.3
 1540578460  000008.0
 1540578461  000008.1
 1540578463  000008.1
 1540578464  000008.2
 1540578465  000008.3
 1540578466  000008.1
 1540578468  000007.9
 1540578469  000008.2
 1540578470  000008.0
 1540578472  000008.2
 1540578473  000008.3
 1540578474  000008.2
 1540578475  000008.1
 1540578477  000008.2
 1540578478  000008.2
 1540578479  000008.0
 1540578480  000008.3
 1540578482  000008.5
 1540578483  000008.1
 1540578484  000008.1
 1540578486  000008.1
 1540578487  000008.3
 1540578488  000008.1
 1540578489  000008.2
 1540578491  000008.4
 1540578492  000008.1
 1540578493  000008.1
 1540578495  000008.3
 1540578496  000008.0
 1540578497  000008.0
 1540578498  000008.1
 1540578500  000008.1
 1540578501  000008.2
 1540578502  000008.2
 1540578503  000008.1
 1540578505  000008.1
 1540578506  000008.1
 1540578507  000008.0
 1540578509  000007.9
 1540578510  000008.1
 1540578511  000008.1
 1540578512  000008.4
 1540578514  000008.3
 1540578515  000008.1
 1540578516  000008.1
 1540578517  000008.2
 1540578519  000008.4
 1540578520  000008.1
 1540578521  000008.0
 1540578523  000007.9
 1540578524  000008.1
 1540578525  000008.3
 1540578526  000008.1
 1540578528  000008.2
 1540578529  000008.2
 1540578530  000008.2
 1540578531  000008.0
 1540578533  000008.2
 1540578534  000008.1
 1540578535  000008.2
 1540578537  000008.3
 1540578538  000008.2
 1540578539  000007.9
 1540578540  000008.3
 1540578542  000008.0
 1540578543  000008.2
 1540578544  000008.2
 1540578546  000008.2
 1540578547  000008.1
 1540578548  000008.1
 1540578549  000008.1
 1540578551  000008.2
 1540578552  000008.2
 1540578553  000008.2
 1540578554  000008.1
 1540578556  000008.2
 1540578557  000008.0
 1540578558  000008.2
 1540578560  000008.1
  
  
  
  
  
  
  
  
  
  
  
  
  
  
  
  
  
  
  
  
  
  
  
  
  
  
  
  
  
  
  
  
  
  
  
  
  
  
  
  
  
  
  
  
  
  
  
  
  
  
  
