1539812410 100
1539812411 100
1539812412 100
1539812413 100
1539812414 100
1539812415 100
1539812416 100
1539812417 100
1539812418 100
1539812419 100
1539812420 100
1539812421 100
1539812422 100
1539812423 100
1539812424 100
1539812425 100
1539812426 100
1539812427 100
1539812428 100
1539812429 100
1539812430 100
1539812431 100
1539812432 100
1539812433 100
1539812434 100
1539812435 100
1539812436 100
1539812437 100
1539812438 100
1539812439 100
1539812440 100
1539812441 100
1539812442 100
1539812443 100
1539812444 100
1539812445 100
1539812446 100
1539812447 100
1539812448 100
1539812449 100
1539812450 100
1539812451 100
1539812452 100
1539812453 100
1539812454 100
1539812455 100
1539812456 100
1539812457 100
1539812458 100
1539812459 100
1539812460 100
1539812461 100
1539812462 100
1539812463 100
1539812464 100
1539812465 100
1539812466 100
1539812467 100
1539812468 100
1539812469 100
1539812470 100
1539812471 100
1539812472 100
1539812473 100
1539812474 100
1539812475 100
1539812476 100
1539812477 100
1539812478 100
1539812479 100
1539812480 100
1539812481 100
1539812482 100
1539812483 100
1539812484 100
1539812485 100
1539812486 100
1539812487 100
1539812488 100
1539812489 100
1539812490 100
1539812491 100
1539812492 100
1539812493 100
1539812494 100
1539812495 100
1539812496 100
1539812497 100
1539812498 100
1539812499 100
1539812500 100
1539812501 100
1539812502 100
1539812503 100
1539812504 100
1539812505 100
1539812506 100
1539812507 100
1539812508 100
1539812509 100
1539812510 100
1539812511 100
1539812512 100
1539812513 100
1539812514 100
1539812515 100
1539812516 100
1539812517 100
1539812518 100
1539812519 100
1539812520 100
1539812521 100
1539812522 100
1539812523 100
1539812524 100
1539812525 100
1539812526 100
1539812527 100
1539812528 100
1539812529 100
1539812530 100
1539812531 100
1539812532 100
1539812533 100
1539812534 100
1539812535 100
1539812536 100
1539812537 100
1539812538 100
1539812539 100
1539812540 100
1539812541 100
1539812542 100
1539812543 100
1539812544 100
1539812545 100
1539812546 100
1539812547 100
1539812548 100
1539812549 100
1539812550 100
1539812551 100
1539812552 100
1539812553 100
1539812554 100
1539812555 100
1539812556 100
1539812557 100
1539812558 100
1539812559 100
1539812560 100
1539812561 100
1539812562 100
1539812563 100
1539812564 100
1539812565 100
1539812566 100
1539812567 100
1539812568 100
1539812569 100
1539812570 100
1539812571 100
1539812572 100
1539812573 100
1539812574 100
1539812575 100
1539812576 100
1539812577 100
1539812578 100
1539812579 100
1539812580 100
1539812581 100
1539812582 100
1539812583 100
1539812584 100
1539812585 100
1539812586 100
1539812587 100
1539812588 100
1539812589 100
1539812590 100
1539812591 100
1539812592 100
1539812593 100
1539812594 100
1539812595 100
1539812596 100
1539812597 100
1539812598 100
1539812599 100
1539812600 100
1539812601 100
1539812602 100
1539812603 100
1539812604 100
1539812605 100
1539812606 100
1539812607 100
1539812608 100
1539812609 100
1539812610 100
1539812611 100
1539812612 100
1539812613 100
1539812614 100
1539812615 100
1539812616 100
1539812617 100
1539812618 100
1539812619 100
1539812620 100
1539812621 100
1539812622 100
1539812623 100
1539812624 100
1539812625 100
1539812626 100
1539812627 100
1539812628 100
1539812629 100
1539812630 100
1539812631 100
1539812632 100
1539812633 100
1539812634 100
1539812635 100
1539812636 100
1539812637 100
1539812638 100
1539812639 100
1539812640 100
1539812641 100
1539812642 100
1539812643 100
1539812644 100
1539812645 100
1539812646 100
1539812647 100
1539812648 100
1539812649 100
1539812650 100
1539812651 100
1539812652 100
1539812653 100
1539812654 100
1539812655 100
1539812656 100
1539812657 100
1539812658 100
1539812659 100
1539812660 100
1539812661 100
1539812662 100
1539812663 100
1539812664 100
1539812665 100
1539812666 100
1539812667 100
1539812668 100
1539812669 100
1539812670 100
1539812671 100
1539812672 100
1539812673 100
1539812674 100
1539812675 100
1539812676 100
1539812677 100
1539812678 100
1539812679 100
1539812680 100
1539812681 100
1539812682 100
1539812683 100
1539812684 100
1539812685 100
1539812686 100
1539812687 100
1539812688 100
1539812689 100
1539812690 100
1539812691 100
1539812692 100
1539812693 100
1539812694 100
1539812695 100
1539812696 100
1539812697 100
1539812698 100
1539812699 100
1539812700 100
1539812701 100
1539812702 100
1539812703 100
1539812704 100
1539812705 100
1539812706 100
1539812707 100
1539812708 100
1539812709 100
1539812710 100
1539812711 100
1539812712 100
1539812713 100
1539812714 100
1539812715 100
1539812716 100
1539812717 100
1539812718 100
1539812719 100
1539812720 100
1539812721 100
1539812722 100
1539812723 100
1539812724 100
1539812725 100
1539812726 100
1539812727 100
1539812728 100
1539812729 100
1539812730 100
1539812731 100
1539812732 100
1539812733 100
1539812734 100
1539812735 100
1539812736 100
1539812737 100
1539812738 100
1539812739 100
1539812740 100
1539812741 100
1539812742 100
1539812743 100
1539812744 100
1539812745 100
1539812746 100
1539812747 100
1539812748 100
1539812749 100
1539812750 100
1539812751 100
1539812752 100
1539812753 100
1539812754 100
1539812755 100
1539812756 100
1539812757 100
1539812758 100
1539812759 100
1539812760 100
1539812761 100
1539812762 100
1539812763 100
1539812764 100
1539812765 100
1539812766 100
1539812767 100
1539812768 100
1539812769 100
1539812770 100
1539812771 100
1539812772 100
1539812773 100
1539812774 100
1539812775 100
1539812776 100
1539812777 100
1539812778 100
1539812779 100
1539812780 100
1539812781 100
1539812782 100
1539812783 100
1539812784 100
1539812785 100
1539812786 100
1539812787 100
1539812788 100
1539812789 100
1539812790 100
1539812791 100
1539812792 100
1539812793 100
1539812794 100
1539812795 100
1539812796 100
1539812797 100
1539812798 100
1539812799 100
1539812800 100
1539812801 100
1539812802 100
1539812803 100
1539812804 100
1539812805 100
1539812806 100
1539812807 100
1539812808 100
1539812809 100
1539812810 100
1539812811 100
1539812812 100
1539812813 100
1539812814 100
1539812815 100
1539812816 100
1539812817 100
1539812818 100
1539812819 100
1539812820 100
1539812821 100
1539812822 100
1539812823 100
1539812824 100
1539812825 100
1539812826 100
1539812827 100
1539812828 100
1539812829 100
1539812830 100
1539812831 100
1539812832 100
1539812833 100
1539812834 100
1539812835 100
1539812836 100
1539812837 100
1539812838 100
1539812839 100
1539812840 100
1539812841 100
1539812842 100
1539812843 100
1539812844 100
1539812845 100
1539812846 100
1539812847 100
1539812848 100
1539812849 100
1539812850 100
1539812851 100
1539812852 100
1539812853 100
1539812854 100
1539812855 100
1539812856 100
1539812857 100
1539812858 100
1539812859 100
1539812860 100
1539812861 100
1539812862 100
1539812863 100
1539812864 100
1539812865 100
1539812866 100
1539812867 100
1539812868 100
1539812869 100
1539812870 100
1539812871 100
1539812872 100
1539812873 100
1539812874 100
1539812875 100
1539812876 100
1539812877 100
1539812878 100
1539812879 100
1539812880 100
1539812881 100
1539812882 100
1539812883 100
1539812884 100
1539812885 100
1539812886 100
1539812887 100
1539812888 100
1539812889 100
1539812890 100
1539812891 100
1539812892 100
1539812893 100
1539812894 100
1539812895 100
1539812896 100
1539812897 100
1539812898 100
1539812899 100
1539812900 100
1539812901 100
1539812902 100
1539812903 100
1539812904 100
1539812905 100
1539812906 100
1539812907 100
1539812908 100
1539812909 100
1539812910 100
1539812911 100
1539812912 100
1539812913 100
1539812914 100
1539812915 100
1539812916 100
1539812917 100
1539812918 100
1539812919 100
1539812920 100
1539812921 100
1539812922 100
1539812923 100
1539812924 100
1539812925 100
1539812926 100
1539812927 100
1539812928 100
1539812929 100
1539812930 100
1539812931 100
1539812932 100
1539812933 100
1539812934 100
1539812935 100
1539812936 100
1539812937 100
1539812938 100
1539812939 100
1539812940 100
1539812941 100
1539812942 100
1539812943 100
1539812944 100
1539812945 100
1539812946 100
1539812947 100
1539812948 100
1539812949 100
1539812950 100
1539812951 100
1539812952 100
1539812953 100
1539812954 100
1539812955 100
1539812956 100
1539812957 100
1539812958 100
1539812959 100
1539812960 100
1539812961 100
1539812962 100
1539812963 100
1539812964 100
1539812965 100
1539812966 100
1539812967 100
1539812968 100
1539812969 100
1539812970 100
1539812971 100
1539812972 100
1539812973 100
1539812974 100
1539812975 100
1539812976 100
1539812977 100
1539812978 100
1539812979 100
1539812980 100
1539812981 100
1539812982 100
1539812983 100
1539812984 100
1539812985 100
1539812986 100
1539812987 100
1539812988 100
1539812989 100
1539812990 100
1539812991 100
1539812992 100
1539812993 100
1539812994 100
1539812995 100
1539812996 100
1539812997 100
1539812998 100
1539812999 100
1539813000 100
1539813001 100
1539813002 100
1539813003 100
1539813004 100
1539813005 100
1539813006 100
1539813007 100
1539813008 100
1539813009 100
1539813010 100
1539813011 100
1539813012 100
1539813013 100
1539813014 100
1539813015 100
1539813016 100
1539813017 100
1539813018 100
1539813019 100
1539813020 100
1539813021 100
1539813022 100
1539813023 100
1539813024 100
1539813025 100
1539813026 100
1539813027 100
1539813028 100
1539813029 100
1539813030 100
1539813031 100
1539813032 100
1539813033 100
1539813034 100
1539813035 100
1539813036 100
1539813037 100
1539813038 100
1539813039 100
1539813040 100
1539813041 100
1539813042 100
1539813043 100
1539813044 100
1539813045 100
1539813046 100
1539813047 100
1539813048 100
1539813049 100
1539813050 100
1539813051 100
1539813052 100
1539813053 100
1539813054 100
1539813055 100
1539813056 100
1539813057 100
1539813058 100
1539813059 100
1539813060 100
1539813061 100
1539813062 100
1539813063 100
1539813064 100
1539813065 100
1539813066 100
1539813067 100
1539813068 100
1539813069 100
1539813070 100
1539813071 100
1539813072 100
1539813073 100
1539813074 100
1539813075 100
1539813076 100
1539813077 100
1539813078 100
1539813079 100
1539813080 100
1539813081 100
1539813082 100
1539813083 100
1539813084 100
1539813085 100
1539813086 100
1539813087 100
1539813088 100
1539813089 100
1539813090 100
1539813091 100
1539813092 100
1539813093 100
1539813094 100
1539813095 100
1539813096 100
1539813097 100
1539813098 100
1539813099 100
1539813100 100
1539813101 100
1539813102 100
1539813103 100
1539813104 100
1539813105 100
1539813106 100
1539813107 100
1539813108 100
1539813109 100
1539813110 100
1539813111 100
1539813112 100
1539813113 100
1539813114 100
1539813115 100
1539813116 100
1539813117 100
1539813118 100
1539813119 100
1539813120 100
1539813121 100
1539813122 100
1539813123 100
1539813124 100
1539813125 100
1539813126 100
1539813127 100
1539813128 100
1539813129 100
1539813130 100
1539813131 100
1539813132 100
1539813133 100
1539813134 100
1539813135 100
1539813136 100
1539813137 100
1539813138 100
1539813139 100
1539813140 100
1539813141 100
1539813142 100
1539813143 100
1539813144 100
1539813145 100
1539813146 100
1539813147 100
1539813148 100
1539813149 100
1539813150 100
1539813151 100
1539813152 100
1539813153 100
1539813154 100
1539813155 100
1539813156 100
1539813157 100
1539813158 100
1539813159 100
1539813160 100
1539813161 100
1539813162 100
1539813163 100
1539813164 100
1539813165 100
1539813166 100
1539813167 100
1539813168 100
1539813169 100
1539813170 100
1539813171 100
1539813172 100
1539813173 100
1539813174 100
1539813175 100
1539813176 100
1539813177 100
1539813178 100
1539813179 100
1539813180 100
1539813181 100
1539813182 100
1539813183 100
1539813184 100
1539813185 100
1539813186 100
1539813187 100
1539813188 100
1539813189 100
1539813190 100
1539813191 100
1539813192 100
1539813193 100
1539813194 100
1539813195 100
1539813196 100
1539813197 100
1539813198 100
1539813199 100
1539813200 100
1539813201 100
1539813202 100
1539813203 100
1539813204 100
1539813205 100
1539813206 100
1539813207 100
1539813208 100
1539813209 100
1539813210 100
1539813211 100
1539813212 100
1539813213 100
1539813214 100
1539813215 100
1539813216 100
1539813217 100
1539813218 100
1539813219 100
1539813220 100
1539813221 100
1539813222 100
1539813223 100
1539813224 100
1539813225 100
1539813226 100
1539813227 100
1539813228 100
1539813229 100
1539813230 100
1539813231 100
1539813232 100
1539813233 100
1539813234 100
1539813235 100
1539813236 100
1539813237 100
1539813238 100
1539813239 100
1539813240 100
1539813241 100
1539813242 100
1539813243 100
1539813244 100
1539813245 100
1539813246 100
1539813247 100
1539813248 100
1539813249 100
1539813250 100
1539813251 100
1539813252 100
1539813253 100
1539813254 100
1539813255 100
1539813256 100
1539813257 100
1539813258 100
1539813259 100
1539813260 100
1539813261 100
1539813262 100
1539813263 100
1539813264 100
1539813265 100
1539813266 100
1539813267 100
1539813268 100
1539813269 100
1539813270 100
1539813271 100
1539813272 100
1539813273 100
1539813274 100
1539813275 100
1539813276 100
1539813277 100
1539813278 100
1539813279 100
1539813280 100
1539813281 100
1539813282 100
1539813283 100
1539813284 100
1539813285 100
1539813286 100
1539813287 100
1539813288 100
1539813289 100
1539813290 100
1539813291 100
1539813292 100
1539813293 100
1539813294 100
1539813295 100
1539813296 100
1539813297 100
1539813298 100
1539813299 100
1539813300 100
1539813301 100
1539813302 100
1539813303 100
1539813304 100
1539813305 100
1539813306 100
1539813307 100
1539813308 100
1539813309 100
1539813310 100
1539813311 100
1539813312 100
1539813313 100
1539813314 100
1539813315 100
1539813316 100
1539813317 100
1539813318 100
1539813319 100
1539813320 100
1539813321 100
1539813322 100
1539813323 100
1539813324 100
1539813325 100
1539813326 100
1539813327 100
1539813328 100
1539813329 100
1539813330 100
1539813331 100
1539813332 100
1539813333 100
1539813334 100
1539813335 100
1539813336 100
1539813337 100
1539813338 100
1539813339 100
1539813340 100
1539813341 100
1539813342 100
1539813343 100
1539813344 100
1539813345 100
1539813346 100
1539813347 100
1539813348 100
1539813349 100
1539813350 100
1539813351 100
1539813352 100
1539813353 100
1539813354 100
1539813355 100
1539813356 100
1539813357 100
1539813358 100
1539813359 100
1539813360 100
1539813361 100
1539813362 100
1539813363 100
1539813364 100
1539813365 100
1539813366 100
1539813367 100
1539813368 100
1539813369 100
1539813370 100
1539813371 100
1539813372 100
1539813373 100
1539813374 100
1539813375 100
1539813376 100
1539813377 100
1539813378 100
1539813379 100
1539813380 100
1539813381 100
1539813382 100
1539813383 100
1539813384 100
1539813385 100
1539813386 100
1539813387 100
1539813388 100
1539813389 100
1539813390 100
1539813391 100
1539813392 100
1539813393 100
1539813394 100
1539813395 100
1539813396 100
1539813397 100
1539813398 100
1539813399 100
1539813400 100
1539813401 100
1539813402 100
1539813403 100
1539813404 100
1539813405 100
1539813406 100
1539813407 100
1539813408 100
1539813409 100
1539813410 100
1539813411 100
1539813412 100
1539813413 100
1539813414 100
1539813415 100
1539813416 100
1539813417 100
1539813418 100
1539813419 100
1539813420 100
1539813421 100
1539813422 100
1539813423 100
1539813424 100
1539813425 100
1539813426 100
1539813427 100
1539813428 100
1539813429 100
1539813430 100
1539813431 100
1539813432 100
1539813433 100
1539813434 100
1539813435 100
1539813436 100
1539813437 100
1539813438 100
1539813439 100
1539813440 100
1539813441 100
1539813442 100
1539813443 100
1539813444 100
1539813445 100
1539813446 100
1539813447 100
1539813448 100
1539813449 100
1539813450 100
1539813451 100
1539813452 100
1539813453 100
1539813454 100
1539813455 100
1539813456 100
1539813457 100
1539813458 100
1539813459 100
1539813460 100
1539813461 100
1539813462 100
1539813463 100
1539813464 100
1539813465 100
1539813466 100
1539813467 100
1539813468 100
1539813469 100
1539813470 100
1539813471 100
1539813472 100
1539813473 100
1539813474 100
1539813475 100
1539813476 100
1539813477 100
1539813478 100
1539813479 100
1539813480 100
1539813481 100
1539813482 100
1539813483 100
1539813484 100
1539813485 100
1539813486 100
1539813487 100
1539813488 100
1539813489 100
1539813490 100
1539813491 100
1539813492 100
1539813493 100
1539813494 100
1539813495 100
1539813496 100
1539813497 100
1539813498 100
1539813499 100
1539813500 100
1539813501 100
1539813502 100
1539813503 100
1539813504 100
1539813505 100
1539813506 100
1539813507 100
1539813508 100
1539813509 100
1539813510 100
1539813511 100
1539813512 100
1539813513 100
1539813514 100
1539813515 100
1539813516 100
1539813517 100
1539813518 100
1539813519 100
1539813520 100
1539813521 100
1539813522 100
1539813523 100
1539813524 100
1539813525 100
1539813526 100
1539813527 100
1539813528 100
1539813529 100
1539813530 100
1539813531 100
1539813532 100
1539813533 100
1539813534 100
1539813535 100
1539813536 100
1539813537 100
1539813538 100
1539813539 100
1539813540 100
1539813541 100
1539813542 100
1539813543 100
1539813544 100
1539813545 100
1539813546 100
1539813547 100
1539813548 100
1539813549 100
1539813550 100
1539813551 100
1539813552 100
1539813553 100
1539813554 100
1539813555 100
1539813556 100
1539813557 100
1539813558 100
1539813559 100
1539813560 100
1539813561 100
1539813562 100
1539813563 100
1539813564 100
1539813565 100
1539813566 100
1539813567 100
1539813568 100
1539813569 100
1539813570 100
1539813571 100
1539813572 100
1539813573 100
1539813574 100
1539813575 100
1539813576 100
1539813577 100
1539813578 100
1539813579 100
1539813580 100
1539813581 100
1539813582 100
1539813583 100
1539813584 100
1539813585 100
1539813586 100
1539813587 100
1539813588 100
1539813589 100
1539813590 100
1539813591 100
1539813592 100
1539813593 100
1539813594 100
1539813595 100
1539813596 100
1539813597 100
1539813598 100
1539813599 100
1539813600 100
1539813601 100
1539813602 100
1539813603 100
1539813604 100
1539813605 100
1539813606 100
1539813607 100
1539813608 100
1539813609 100
1539813610 100
1539813611 100
1539813612 100
1539813613 100
1539813614 100
1539813615 100
1539813616 100
1539813617 100
1539813618 100
1539813619 100
1539813620 100
1539813621 100
1539813622 100
1539813623 100
1539813624 100
1539813625 100
1539813626 100
1539813627 100
1539813628 100
1539813629 100
1539813630 100
1539813631 100
1539813632 100
1539813633 100
1539813634 100
1539813635 100
1539813636 100
1539813637 100
1539813638 100
1539813639 100
1539813640 100
1539813641 100
1539813642 100
1539813643 100
1539813644 100
1539813645 100
1539813646 100
1539813647 100
1539813648 100
1539813649 100
1539813650 100
1539813651 100
1539813652 100
1539813653 100
1539813654 100
1539813655 100
1539813656 100
1539813657 100
1539813658 100
1539813659 100
1539813660 100
1539813661 100
1539813662 100
1539813663 100
1539813664 100
1539813665 100
1539813666 100
1539813667 100
1539813668 100
1539813669 100
1539813670 100
1539813671 100
1539813672 100
1539813673 100
1539813674 100
1539813675 100
1539813676 100
1539813677 100
1539813678 100
1539813679 100
1539813680 100
1539813681 100
1539813682 100
1539813683 100
1539813684 100
1539813685 100
1539813686 100
1539813687 100
1539813688 100
1539813689 100
1539813690 100
1539813691 100
1539813692 100
1539813693 100
1539813694 100
1539813695 100
1539813696 100
1539813697 100
1539813698 100
1539813699 100
1539813700 100
1539813701 100
1539813702 100
1539813703 100
1539813704 100
1539813705 100
1539813706 100
1539813707 100
1539813708 100
1539813709 100
1539813710 100
1539813711 100
1539813712 100
1539813713 100
1539813714 100
1539813715 100
1539813716 100
1539813717 100
1539813718 100
1539813719 100
1539813720 100
1539813721 100
1539813722 100
1539813723 100
1539813724 100
1539813725 100
1539813726 100
1539813727 100
1539813728 100
1539813729 100
1539813730 100
1539813731 100
1539813732 100
1539813733 100
1539813734 100
1539813735 100
1539813736 100
1539813737 100
1539813738 100
1539813739 100
1539813740 100
1539813741 100
1539813742 100
1539813743 100
1539813744 100
1539813745 100
1539813746 100
1539813747 100
1539813748 100
1539813749 100
1539813750 100
1539813751 100
1539813752 100
1539813753 100
1539813754 100
1539813755 100
1539813756 100
1539813757 100
1539813758 100
1539813759 100
1539813760 100
1539813761 100
1539813762 100
1539813763 100
1539813764 100
1539813765 100
1539813766 100
1539813767 100
1539813768 100
1539813769 100
1539813770 100
1539813771 100
1539813772 100
1539813773 100
1539813774 100
1539813775 100
1539813776 100
1539813777 100
1539813778 100
1539813779 100
1539813780 100
1539813781 100
1539813782 100
1539813783 100
1539813784 100
1539813785 100
1539813786 100
1539813787 100
1539813788 100
1539813789 100
1539813790 100
1539813791 100
1539813792 100
1539813793 100
1539813794 100
1539813795 100
1539813796 100
1539813797 100
1539813798 100
1539813799 100
1539813800 100
1539813801 100
1539813802 100
1539813803 100
1539813804 100
1539813805 100
1539813806 100
1539813807 100
1539813808 100
1539813809 100
1539813810 100
1539813811 100
1539813812 100
1539813813 100
1539813814 100
1539813815 100
1539813816 100
1539813817 100
1539813818 100
1539813819 100
1539813820 100
1539813821 100
1539813822 100
1539813823 100
1539813824 100
1539813825 100
1539813826 100
1539813827 100
1539813828 100
1539813829 100
1539813830 100
1539813831 100
1539813832 100
