2 0.01 70.50 0.56
64 24.16 126.05 0.64 1.62 0.01 1.62 0.01 75.24 0.60
1540409505 78.71 80.18 15.25 126.09 0.64 1.62 0.01 1.62 0.01 70.50 0.56
1540407182 29.21 203.90 201.79 126.46 1.61 84.88 0.67 21.11 0.17 114.69 0.91
1540407183 44.61 148.91 142.07 126.72 1.18 85.29 0.67 14.06 0.11 120.94 0.95
1540407184 42.52 127.64 120.35 126.42 1.01 72.18 0.57 8.06 0.06 112.63 0.89
1540407185 46.43 118.95 109.51 126.45 0.94 61.23 0.48 8.07 0.06 103.86 0.82
1540407187 55.18 115.44 101.40 126.49 0.91 51.99 0.41 0.20 0.00 91.37 0.72
1540407188 54.43 96.64 79.86 126.62 0.76 44.18 0.35 0.20 0.00 89.43 0.71
1540407189 60.56 97.80 76.80 126.62 0.77 37.54 0.30 8.10 0.06 81.37 0.64
1540407191 67.81 96.34 68.43 126.85 0.76 31.92 0.25 11.39 0.09 81.87 0.65
1540407192 64.95 94.44 68.56 126.57 0.75 27.02 0.21 11.37 0.09 78.65 0.62
1540407193 68.42 84.08 48.87 126.77 0.66 22.97 0.18 0.31 0.00 78.43 0.62
1540407194 70.98 85.73 48.08 126.75 0.68 19.52 0.15 11.41 0.09 76.16 0.60
1540407196 72.84 81.33 36.19 126.55 0.64 16.57 0.13 11.38 0.09 76.80 0.61
1540407197 72.07 79.48 33.50 126.64 0.63 14.08 0.11 8.07 0.06 77.74 0.61
1540407198 71.02 78.45 33.32 126.74 0.62 11.97 0.09 13.92 0.11 74.31 0.59
1540407200 71.55 81.58 39.20 126.82 0.64 10.23 0.08 13.91 0.11 75.29 0.59
1540407201 77.71 83.07 29.36 126.78 0.66 8.64 0.07 8.12 0.06 72.74 0.57
1540407202 73.69 82.48 37.06 126.85 0.65 7.41 0.06 1.53 0.01 73.30 0.58
1540407203 77.35 82.85 29.69 126.56 0.65 6.33 0.05 8.09 0.06 75.21 0.59
1540407205 72.41 80.56 35.31 126.49 0.64 5.26 0.04 8.09 0.06 73.65 0.58
1540407206 75.45 81.71 31.37 126.61 0.65 4.54 0.04 8.10 0.06 71.81 0.57
1540407207 74.36 79.96 29.39 126.77 0.63 4.01 0.03 1.64 0.01 71.15 0.56
1540407208 76.49 83.70 34.00 126.86 0.66 3.48 0.03 1.64 0.01 71.82 0.57
1540407210 67.70 76.01 34.56 126.60 0.60 8.38 0.07 1.63 0.01 71.27 0.56
1540407211 68.97 79.26 39.07 126.57 0.63 2.51 0.02 1.63 0.01 76.47 0.60
1540407212 76.42 82.18 30.23 126.56 0.65 1.97 0.02 8.09 0.06 75.41 0.60
1540407214 74.82 81.99 33.53 126.41 0.65 1.63 0.01 1.63 0.01 70.25 0.56
1540407215 76.82 81.30 26.60 126.48 0.64 1.63 0.01 8.09 0.06 76.94 0.61
1540407216 69.07 75.39 30.22 126.45 0.60 1.63 0.01 8.09 0.06 72.42 0.57
1540407217 77.31 79.13 16.85 126.50 0.63 8.09 0.06 11.32 0.09 76.03 0.60
1540407219 78.13 80.61 19.85 126.55 0.64 1.63 0.01 1.64 0.01 74.65 0.59
1540407220 77.15 79.83 20.52 126.62 0.63 1.63 0.01 8.10 0.06 68.90 0.54
1540407221 72.02 77.99 29.93 126.37 0.62 1.63 0.01 15.91 0.13 69.89 0.55
1540407223 72.51 76.39 24.01 126.47 0.60 1.63 0.01 8.09 0.06 70.42 0.56
1540407224 77.92 80.52 20.29 126.54 0.64 1.63 0.01 1.63 0.01 71.45 0.56
1540407225 78.90 82.03 22.45 126.51 0.65 1.63 0.01 8.09 0.06 69.88 0.55
1540407226 72.83 77.93 27.73 126.37 0.62 1.63 0.01 8.08 0.06 72.88 0.58
1540407228 73.95 81.56 34.40 126.50 0.64 1.63 0.01 8.09 0.06 72.38 0.57
1540407229 72.48 77.22 26.64 126.50 0.61 1.63 0.01 8.09 0.06 72.05 0.57
1540407230 78.61 81.98 23.28 126.43 0.65 1.63 0.01 1.63 0.01 70.77 0.56
1540407232 74.77 79.74 27.72 126.52 0.63 1.63 0.01 13.81 0.11 75.82 0.60
1540407233 81.04 84.32 23.28 126.43 0.67 1.63 0.01 11.32 0.09 67.04 0.53
1540407234 75.35 80.58 28.57 126.53 0.64 1.63 0.01 13.82 0.11 76.11 0.60
1540407235 73.54 77.90 25.69 126.37 0.62 1.63 0.01 8.08 0.06 74.59 0.59
1540407237 72.22 79.06 32.17 126.47 0.63 1.63 0.01 1.63 0.01 72.33 0.57
1540407238 75.37 78.70 22.65 126.48 0.62 1.63 0.01 11.32 0.09 72.61 0.57
1540407239 75.68 78.66 21.46 126.49 0.62 1.63 0.01 8.09 0.06 76.27 0.60
1540407241 71.12 75.39 25.01 126.52 0.60 1.63 0.01 1.63 0.01 73.64 0.58
1540407242 75.23 81.52 31.39 126.54 0.64 1.63 0.01 1.63 0.01 74.88 0.59
1540407243 77.74 80.96 22.57 126.39 0.64 1.63 0.01 11.31 0.09 71.51 0.57
1540407244 76.86 81.23 26.26 126.49 0.64 1.63 0.01 1.63 0.01 72.21 0.57
1540407246 78.80 82.81 25.46 126.48 0.65 1.63 0.01 1.63 0.01 77.37 0.61
1540407247 73.10 80.85 34.55 126.57 0.64 1.63 0.01 1.63 0.01 68.79 0.54
1540407248 74.76 80.68 30.35 126.54 0.64 1.63 0.01 8.09 0.06 74.43 0.59
1540407250 78.44 82.88 26.74 126.48 0.66 1.63 0.01 8.09 0.06 72.76 0.58
1540407251 71.74 75.30 22.88 126.36 0.60 1.63 0.01 1.63 0.01 74.68 0.59
1540407252 73.97 81.48 34.18 126.36 0.64 1.63 0.01 1.63 0.01 67.98 0.54
1540407253 72.47 76.27 23.78 126.36 0.60 1.63 0.01 11.31 0.09 74.28 0.59
1540407255 82.30 86.72 27.34 126.45 0.69 1.63 0.01 8.09 0.06 70.82 0.56
1540407256 71.44 79.80 35.56 126.42 0.63 1.63 0.01 1.63 0.01 72.06 0.57
1540407257 73.25 79.72 31.47 126.52 0.63 1.63 0.01 8.09 0.06 72.25 0.57
1540407259 76.67 82.05 29.23 126.46 0.65 1.63 0.01 8.09 0.06 75.76 0.60
1540407260 71.67 77.12 28.48 126.35 0.61 1.63 0.01 1.63 0.01 70.92 0.56
1540407261 78.68 79.78 13.23 126.42 0.63 1.63 0.01 1.63 0.01 76.68 0.61
1540407262 76.49 82.17 30.02 126.56 0.65 1.63 0.01 1.63 0.01 75.37 0.60
1540407264 74.29 80.39 30.71 126.32 0.64 1.63 0.01 11.31 0.09 74.11 0.59
1540407265 80.89 81.13 6.15 126.32 0.64 1.63 0.01 17.76 0.14 74.74 0.59
1540407266 74.30 76.88 19.76 126.35 0.61 8.08 0.06 1.63 0.01 72.44 0.57
1540407268 70.17 76.38 30.18 126.39 0.60 1.63 0.01 1.63 0.01 76.73 0.61
1540407269 75.85 82.24 31.78 126.57 0.65 1.63 0.01 8.09 0.06 74.55 0.59
1540407270 75.02 80.53 29.27 126.44 0.64 1.63 0.01 13.81 0.11 74.39 0.59
1540407271 69.36 75.64 30.20 126.47 0.60 11.32 0.09 8.09 0.06 70.57 0.56
1540407273 76.05 81.42 29.09 126.50 0.64 8.09 0.06 1.63 0.01 73.18 0.58
1540407274 73.36 79.91 31.68 126.55 0.63 1.63 0.01 1.63 0.01 73.28 0.58
1540407275 71.32 79.00 33.98 126.51 0.62 1.63 0.01 1.63 0.01 72.93 0.58
1540407277 70.48 78.80 35.24 126.42 0.62 1.63 0.01 11.32 0.09 73.37 0.58
1540407278 73.46 77.24 23.84 126.42 0.61 1.63 0.01 1.63 0.01 73.78 0.58
1540407279 74.36 78.06 23.74 126.42 0.62 1.63 0.01 1.63 0.01 71.07 0.56
1540407280 74.75 79.69 27.63 126.47 0.63 1.63 0.01 8.09 0.06 73.72 0.58
1540407282 78.77 80.47 16.47 126.42 0.64 8.09 0.06 1.63 0.01 75.26 0.60
1540407283 71.69 77.17 28.54 126.46 0.61 1.63 0.01 11.32 0.09 74.68 0.59
1540407284 73.98 76.90 20.99 126.34 0.61 1.63 0.01 1.63 0.01 73.88 0.58
1540407285 66.02 70.76 25.49 126.29 0.56 1.63 0.01 1.63 0.01 71.84 0.57
1540407287 76.81 80.14 22.86 126.31 0.63 1.63 0.01 8.08 0.06 73.30 0.58
1540407288 76.41 81.20 27.45 126.37 0.64 1.63 0.01 11.31 0.09 70.88 0.56
1540407289 73.05 78.04 27.46 126.47 0.62 1.63 0.01 1.63 0.01 72.01 0.57
1540407291 76.89 79.50 20.23 126.54 0.63 1.63 0.01 1.63 0.01 73.51 0.58
1540407292 73.64 79.66 30.38 126.48 0.63 1.63 0.01 1.63 0.01 71.75 0.57
1540407293 78.38 84.66 32.01 126.54 0.67 1.63 0.01 8.09 0.06 64.33 0.51
1540407294 74.98 80.51 29.33 126.47 0.64 1.63 0.01 1.63 0.01 70.80 0.56
1540407296 73.49 77.93 25.94 126.34 0.62 8.08 0.06 1.63 0.01 74.28 0.59
1540407297 73.36 78.86 28.94 126.37 0.62 1.63 0.01 1.63 0.01 72.56 0.57
1540407298 69.66 75.62 29.43 126.44 0.60 1.63 0.01 8.09 0.06 76.00 0.60
1540407300 73.04 79.09 30.33 126.47 0.63 1.63 0.01 1.63 0.01 75.67 0.60
1540407301 71.11 76.30 27.68 126.31 0.60 1.63 0.01 13.79 0.11 74.67 0.59
1540407302 67.01 75.58 34.96 126.38 0.60 1.63 0.01 8.08 0.06 74.14 0.59
1540407303 75.34 79.67 25.92 126.43 0.63 8.09 0.06 1.63 0.01 72.49 0.57
1540407305 74.72 77.10 19.03 126.48 0.61 1.64 0.01 1.63 0.01 74.45 0.59
1540407306 80.31 82.61 19.38 126.33 0.65 1.63 0.01 1.63 0.01 76.13 0.60
1540407307 76.57 79.34 20.78 126.34 0.63 1.63 0.01 1.63 0.01 70.38 0.56
1540407309 72.01 74.92 20.71 126.22 0.59 1.63 0.01 11.30 0.09 72.92 0.58
1540407310 75.65 79.59 24.74 126.37 0.63 8.08 0.06 1.63 0.01 76.64 0.61
1540407311 79.46 81.64 18.77 126.47 0.65 1.63 0.01 1.63 0.01 73.12 0.58
1540407312 74.97 82.26 33.85 126.40 0.65 8.08 0.06 1.63 0.01 76.07 0.60
1540407314 75.99 80.26 25.84 126.19 0.64 1.63 0.01 11.29 0.09 74.22 0.59
1540407315 75.34 77.67 18.89 126.33 0.61 1.63 0.01 1.63 0.01 72.43 0.57
1540407316 72.80 79.00 30.67 126.47 0.62 1.63 0.01 1.63 0.01 71.72 0.57
1540407318 69.78 75.52 28.88 126.46 0.60 1.63 0.01 13.82 0.11 72.49 0.57
1540407319 62.53 70.32 32.16 126.37 0.56 8.08 0.06 1.63 0.01 68.27 0.54
1540407320 71.44 76.26 26.67 126.32 0.60 1.63 0.01 1.63 0.01 72.75 0.58
1540407321 73.88 81.45 34.31 126.34 0.64 1.63 0.01 8.08 0.06 73.15 0.58
1540407323 76.04 82.19 31.20 126.47 0.65 1.63 0.01 1.63 0.01 72.65 0.57
1540407324 71.52 78.93 33.37 126.41 0.62 1.63 0.01 1.63 0.01 71.25 0.56
1540407325 75.59 79.61 24.97 126.36 0.63 1.63 0.01 1.63 0.01 72.33 0.57
1540407327 73.38 77.98 26.40 126.38 0.62 1.63 0.01 1.63 0.01 73.60 0.58
1540407328 74.48 76.98 19.46 126.41 0.61 1.63 0.01 1.63 0.01 72.55 0.57
1540407329 80.21 83.41 22.88 126.30 0.66 1.63 0.01 1.63 0.01 72.55 0.57
1540407330 76.34 80.19 24.55 126.37 0.63 1.63 0.01 1.63 0.01 74.15 0.59
1540407332 73.28 78.78 28.93 126.29 0.62 1.63 0.01 1.63 0.01 71.21 0.56
1540407333 69.55 77.42 33.99 126.36 0.61 1.63 0.01 1.63 0.01 70.53 0.56
1540407334 78.31 81.96 24.18 126.45 0.65 1.63 0.01 1.63 0.01 73.15 0.58
1540407336 77.32 82.10 27.63 126.40 0.65 1.63 0.01 11.31 0.09 72.94 0.58
1540407337 71.70 77.31 28.91 126.43 0.61 1.63 0.01 1.64 0.01 74.17 0.59
1540407338 75.85 78.56 20.44 126.35 0.62 1.63 0.01 8.08 0.06 70.66 0.56
1540407339 69.98 77.38 33.03 126.35 0.61 1.63 0.01 8.08 0.06 68.34 0.54
1540407341 77.60 81.23 24.02 126.50 0.64 1.63 0.01 1.63 0.01 71.77 0.57
1540407342 73.63 79.77 30.69 126.42 0.63 1.63 0.01 1.63 0.01 73.72 0.58
1540407343 71.38 75.41 24.34 126.45 0.60 1.63 0.01 1.63 0.01 71.95 0.57
1540407345 71.06 75.98 26.90 125.81 0.60 1.62 0.01 1.62 0.01 72.47 0.58
1540407346 70.25 77.03 31.59 125.78 0.61 1.62 0.01 11.26 0.09 71.60 0.57
1540407347 71.20 76.80 28.80 125.74 0.61 1.62 0.01 1.62 0.01 71.53 0.57
1540407348 73.27 76.98 23.62 126.33 0.61 1.63 0.01 8.08 0.06 74.28 0.59
1540407350 66.17 73.77 32.62 126.28 0.58 1.63 0.01 1.63 0.01 69.17 0.55
1540407351 78.45 79.99 15.62 126.38 0.63 1.63 0.01 1.63 0.01 72.28 0.57
1540407352 75.84 79.01 22.14 126.18 0.63 1.63 0.01 13.78 0.11 71.52 0.57
1540407353 77.19 80.14 21.53 126.31 0.63 1.63 0.01 1.63 0.01 69.56 0.55
1540407355 73.18 78.90 29.47 126.39 0.62 1.63 0.01 8.08 0.06 74.24 0.59
1540407356 72.03 78.16 30.35 126.37 0.62 1.63 0.01 11.31 0.09 75.39 0.60
1540407357 74.28 79.62 28.67 126.38 0.63 1.63 0.01 8.08 0.06 72.55 0.57
1540407359 73.05 78.81 29.58 126.07 0.63 1.63 0.01 1.63 0.01 72.37 0.57
1540407360 72.05 76.11 24.53 126.19 0.60 1.63 0.01 11.30 0.09 69.77 0.55
1540407361 70.62 77.45 31.82 126.44 0.61 1.63 0.01 1.63 0.01 70.88 0.56
1540407362 74.04 79.82 29.83 126.46 0.63 1.63 0.01 8.09 0.06 71.73 0.57
1540407364 77.26 82.16 27.95 126.49 0.65 1.63 0.01 1.63 0.01 73.30 0.58
1540407365 71.88 80.55 36.35 126.43 0.64 1.63 0.01 8.08 0.06 68.98 0.55
1540407366 76.84 79.64 20.94 126.37 0.63 1.63 0.01 11.31 0.09 75.93 0.60
1540407368 69.54 76.33 31.49 126.44 0.60 1.63 0.01 8.09 0.06 72.72 0.58
1540407369 72.78 76.32 22.98 126.32 0.60 1.63 0.01 8.08 0.06 73.80 0.58
1540407370 73.06 76.30 22.00 126.37 0.60 1.63 0.01 1.63 0.01 73.95 0.59
1540407371 77.05 80.46 23.19 126.43 0.64 1.63 0.01 1.63 0.01 73.15 0.58
1540407373 72.52 76.65 24.83 125.58 0.61 1.62 0.01 11.24 0.09 72.33 0.58
1540407374 72.58 76.65 24.65 125.65 0.61 1.62 0.01 1.62 0.01 73.93 0.59
1540407375 71.88 77.71 29.53 125.83 0.62 1.62 0.01 1.62 0.01 69.77 0.55
1540407377 72.09 77.04 27.19 126.18 0.61 1.63 0.01 8.07 0.06 72.91 0.58
1540407378 76.88 80.26 23.02 126.23 0.64 1.63 0.01 1.63 0.01 74.69 0.59
1540407379 70.77 74.32 22.69 126.29 0.59 1.63 0.01 1.63 0.01 74.00 0.59
1540407380 67.08 77.51 38.84 126.19 0.61 1.63 0.01 1.63 0.01 71.25 0.56
1540407382 74.61 78.63 24.85 126.15 0.62 1.63 0.01 1.63 0.01 72.85 0.58
1540407383 76.79 80.96 25.65 125.96 0.64 1.62 0.01 8.06 0.06 73.11 0.58
1540407384 74.73 79.46 27.02 126.09 0.63 1.63 0.01 8.06 0.06 72.44 0.57
1540407386 71.37 76.16 26.59 126.16 0.60 1.63 0.01 8.07 0.06 70.78 0.56
1540407387 72.80 77.58 26.80 125.66 0.62 1.62 0.01 1.62 0.01 70.97 0.56
1540407388 65.86 71.53 27.90 125.60 0.57 1.62 0.01 1.62 0.01 69.11 0.55
1540407389 70.72 76.19 28.35 126.15 0.60 8.07 0.06 1.63 0.01 71.08 0.56
1540407391 69.13 78.07 36.28 126.05 0.62 1.63 0.01 8.06 0.06 70.35 0.56
1540407392 69.15 76.34 32.35 126.37 0.60 1.63 0.01 8.08 0.06 72.54 0.57
1540407393 78.53 80.36 17.07 126.39 0.64 1.63 0.01 1.63 0.01 73.15 0.58
1540407395 69.43 75.50 29.65 126.34 0.60 1.63 0.01 1.63 0.01 73.72 0.58
1540407396 73.63 77.89 25.40 126.32 0.62 1.63 0.01 8.08 0.06 70.42 0.56
1540407397 73.21 75.90 20.01 126.20 0.60 1.63 0.01 1.63 0.01 67.20 0.53
1540407398 74.60 80.54 30.35 126.25 0.64 1.63 0.01 1.63 0.01 72.49 0.57
1540407400 70.40 76.41 29.72 126.31 0.60 1.63 0.01 1.63 0.01 71.62 0.57
1540407401 76.53 81.06 26.73 126.26 0.64 8.07 0.06 1.63 0.01 74.50 0.59
1540407402 76.28 82.08 30.30 126.27 0.65 1.63 0.01 1.63 0.01 71.63 0.57
1540407404 75.97 80.35 26.16 126.41 0.64 1.63 0.01 1.63 0.01 73.40 0.58
1540407405 75.18 80.50 28.77 126.33 0.64 1.63 0.01 8.08 0.06 69.52 0.55
1540407406 66.25 74.87 34.88 126.40 0.59 1.63 0.01 1.63 0.01 73.16 0.58
1540407407 68.59 74.61 29.37 126.35 0.59 1.63 0.01 1.63 0.01 69.79 0.55
1540407409 70.29 77.19 31.89 126.24 0.61 1.63 0.01 1.63 0.01 71.84 0.57
1540407410 75.46 77.92 19.41 126.43 0.62 1.63 0.01 1.63 0.01 69.57 0.55
1540407411 80.36 82.62 19.17 126.34 0.65 1.63 0.01 1.63 0.01 74.28 0.59
1540407413 70.89 77.16 30.47 126.28 0.61 1.63 0.01 11.30 0.09 71.63 0.57
1540407414 80.75 82.45 16.66 126.40 0.65 1.63 0.01 11.32 0.09 73.11 0.58
1540407415 78.22 82.01 24.63 126.37 0.65 1.63 0.01 1.64 0.01 72.25 0.57
1540407416 75.54 78.30 20.62 126.24 0.62 1.63 0.01 1.63 0.01 75.38 0.60
1540407418 73.12 76.85 23.64 126.24 0.61 1.63 0.01 1.63 0.01 73.10 0.58
1540407419 78.54 80.91 19.43 126.35 0.64 1.63 0.01 8.08 0.06 69.80 0.55
1540407420 70.34 75.33 26.95 126.33 0.60 1.63 0.01 1.63 0.01 73.42 0.58
1540407422 67.90 74.85 31.49 126.44 0.59 1.63 0.01 1.63 0.01 71.69 0.57
1540407423 73.54 77.97 25.91 126.54 0.62 1.63 0.01 8.09 0.06 75.21 0.59
1540407424 76.19 80.56 26.15 126.49 0.64 1.63 0.01 1.63 0.01 74.71 0.59
1540407425 71.30 76.49 27.68 126.65 0.60 1.63 0.01 1.63 0.01 75.90 0.60
1540407427 69.35 76.46 32.20 126.52 0.60 1.63 0.01 1.63 0.01 74.83 0.59
1540407428 68.73 77.58 35.99 126.52 0.61 1.63 0.01 1.63 0.01 73.69 0.58
1540407429 77.44 81.34 24.88 126.49 0.64 1.63 0.01 1.63 0.01 71.04 0.56
1540407430 72.84 77.18 25.53 126.49 0.61 1.63 0.01 8.09 0.06 73.33 0.58
1540407432 77.72 82.19 26.72 126.56 0.65 1.63 0.01 8.09 0.06 76.00 0.60
1540407433 79.93 84.40 27.12 126.40 0.67 1.63 0.01 1.64 0.01 71.68 0.57
1540407434 68.31 74.63 30.05 126.39 0.59 1.63 0.01 11.31 0.09 74.45 0.59
1540407436 75.51 79.75 25.68 126.54 0.63 1.63 0.01 8.09 0.06 73.44 0.58
1540407437 78.69 80.98 19.13 126.49 0.64 1.63 0.01 8.09 0.06 73.74 0.58
1540407438 71.54 80.01 35.81 126.47 0.63 1.63 0.01 8.09 0.06 71.95 0.57
1540407439 79.37 80.91 15.75 126.42 0.64 1.63 0.01 1.63 0.01 72.40 0.57
1540407441 70.89 75.36 25.57 126.41 0.60 1.63 0.01 8.08 0.06 70.39 0.56
1540407442 70.65 77.27 31.29 126.44 0.61 1.63 0.01 1.63 0.01 70.84 0.56
1540407443 70.14 75.46 27.84 126.44 0.60 1.63 0.01 8.09 0.06 70.40 0.56
1540407445 72.35 78.04 29.27 126.40 0.62 1.63 0.01 1.63 0.01 73.82 0.58
1540407446 66.42 73.11 30.56 126.51 0.58 1.63 0.01 1.63 0.01 76.23 0.60
1540407447 69.19 75.68 30.67 126.54 0.60 1.63 0.01 1.63 0.01 71.61 0.57
1540407448 70.79 75.48 26.21 126.48 0.60 1.63 0.01 8.09 0.06 74.12 0.59
1540407450 73.30 79.75 31.41 126.40 0.63 1.63 0.01 1.63 0.01 71.39 0.56
1540407451 70.51 78.21 33.85 126.53 0.62 1.63 0.01 1.63 0.01 71.20 0.56
1540407452 69.29 75.57 30.16 126.50 0.60 1.63 0.01 1.63 0.01 76.73 0.61
1540407454 73.15 78.01 27.11 126.41 0.62 1.63 0.01 1.63 0.01 70.56 0.56
1540407455 72.97 79.72 32.10 126.47 0.63 1.63 0.01 1.63 0.01 73.15 0.58
1540407456 74.87 79.63 27.12 126.38 0.63 1.63 0.01 13.80 0.11 72.71 0.58
1540407457 73.66 77.18 23.07 126.37 0.61 1.63 0.01 1.63 0.01 69.62 0.55
1540407459 76.95 80.39 23.28 126.31 0.64 1.63 0.01 8.08 0.06 74.49 0.59
1540407460 76.65 78.63 17.54 126.32 0.62 1.63 0.01 1.63 0.01 72.01 0.57
1540407461 69.63 73.62 23.89 126.37 0.58 1.63 0.01 1.63 0.01 70.62 0.56
1540407463 75.17 78.49 22.58 126.31 0.62 1.63 0.01 13.80 0.11 69.64 0.55
1540407464 76.02 80.40 26.19 126.45 0.64 1.63 0.01 1.63 0.01 73.82 0.58
1540407465 71.35 76.20 26.75 126.34 0.60 1.63 0.01 8.08 0.06 76.03 0.60
1540407466 74.65 80.72 30.72 126.45 0.64 1.63 0.01 1.63 0.01 69.51 0.55
1540407468 72.24 77.24 27.34 126.45 0.61 1.63 0.01 1.63 0.01 73.71 0.58
1540407469 73.76 79.76 30.34 126.33 0.63 8.08 0.06 1.63 0.01 70.61 0.56
1540407470 73.15 77.04 24.14 126.37 0.61 1.63 0.01 8.08 0.06 73.76 0.58
1540407472 69.26 75.58 30.26 126.39 0.60 1.63 0.01 11.31 0.09 74.30 0.59
1540407473 73.81 78.78 27.53 126.36 0.62 1.63 0.01 1.64 0.01 71.89 0.57
1540407474 74.35 78.78 26.05 126.43 0.62 1.63 0.01 1.63 0.01 75.24 0.60
1540407475 69.50 76.56 32.10 126.48 0.61 1.63 0.01 8.09 0.06 75.15 0.59
1540407477 71.46 76.26 26.63 126.37 0.60 1.63 0.01 1.63 0.01 71.12 0.56
1540407478 67.69 72.81 26.82 126.40 0.58 1.63 0.01 1.63 0.01 73.90 0.58
1540407479 74.43 77.53 21.68 126.36 0.61 1.63 0.01 8.08 0.06 71.90 0.57
1540407481 72.06 76.06 24.33 126.31 0.60 1.63 0.01 1.63 0.01 69.67 0.55
1540407482 73.31 77.07 23.78 126.41 0.61 1.63 0.01 1.63 0.01 70.33 0.56
1540407483 76.37 78.15 16.60 126.26 0.62 1.63 0.01 1.63 0.01 71.63 0.57
1540407484 74.55 78.62 24.98 126.43 0.62 1.63 0.01 1.63 0.01 71.77 0.57
1540407486 75.47 79.43 24.75 126.39 0.63 1.63 0.01 1.63 0.01 69.00 0.55
1540407487 71.62 76.05 25.57 126.31 0.60 1.63 0.01 8.08 0.06 74.43 0.59
1540407488 71.22 77.29 30.03 126.48 0.61 1.63 0.01 1.63 0.01 69.53 0.55
1540407490 73.32 78.81 28.91 126.38 0.62 1.63 0.01 1.63 0.01 73.73 0.58
1540407491 66.49 73.03 30.20 126.34 0.58 1.63 0.01 8.08 0.06 74.14 0.59
1540407492 74.77 79.75 27.75 126.48 0.63 1.63 0.01 1.63 0.01 75.76 0.60
1540407493 70.20 77.27 32.30 126.36 0.61 1.63 0.01 1.63 0.01 74.44 0.59
1540407495 71.88 77.21 28.19 126.42 0.61 1.63 0.01 1.63 0.01 73.70 0.58
1540407496 71.76 74.31 19.30 126.37 0.59 1.63 0.01 8.08 0.06 72.71 0.58
1540407497 70.34 77.34 32.15 126.30 0.61 1.63 0.01 1.63 0.01 69.62 0.55
1540407498 72.63 78.06 28.59 126.38 0.62 1.63 0.01 1.63 0.01 72.58 0.57
